16060|02 06 22 27 34
16059|02 10 27 28 33
16058|02 15 17 23 28
16057|08 17 19 23 30
16056|10 12 14 31 35
16055|06 21 27 30 34
16054|02 05 09 21 30
16053|04 13 15 30 35
16052|08 14 19 20 33
16051|16 21 23 24 32
16050|07 17 21 29 35
16049|03 04 05 27 33
16048|04 12 17 25 27
16047|02 03 23 29 32
16046|03 19 22 32 34
16045|07 11 25 30 33
16044|01 06 10 20 31
16043|01 09 16 33 34
16042|02 06 08 19 24
16041|12 23 24 27 34
16040|20 22 29 30 35
16039|01 08 16 22 28
16038|03 07 09 15 33
16037|03 05 13 24 34
16036|07 15 26 30 31
16035|17 22 24 25 29
16034|14 18 31 32 35
16033|03 14 15 31 35
16032|05 09 14 20 33
16031|03 14 24 27 29
16030|10 19 21 29 33
16029|20 26 27 29 32
16028|13 18 20 23 31
16027|06 11 13 15 28
16026|02 06 29 30 34
16025|03 06 13 23 24
16024|01 02 11 15 18
16023|04 09 14 25 27
16022|04 18 21 30 35
16021|01 04 09 10 35
16020|01 16 22 29 30
16019|04 11 15 20 26
16018|05 10 13 27 33
16017|11 18 24 28 29
16016|03 10 22 29 32
16015|01 04 10 13 30
16014|06 08 21 24 27
16013|03 21 23 31 35
16012|05 07 11 23 28
16011|02 08 10 15 23
16010|12 13 15 16 28
16009|05 08 10 17 20
16008|05 12 31 34 35
16007|02 05 14 32 35
16006|14 16 17 22 24
16005|06 09 12 15 20
16004|10 20 23 32 35
16003|04 12 17 22 26
16002|07 12 18 25 35
16001|01 07 19 20 30
15153|01 07 22 27 33
15152|04 05 22 29 35
15151|15 16 18 30 35
15150|04 13 18 25 33
15149|04 06 10 12 28
15148|08 11 27 31 33
15147|01 02 13 18 19
15146|04 15 19 27 31
15145|06 07 20 29 32
15144|01 09 24 26 29
15143|09 20 31 33 35
15142|12 14 22 26 30
15141|02 04 15 19 31
15140|01 11 15 26 35
15139|02 03 05 25 32
15138|01 16 20 29 32
15137|14 17 21 23 26
15136|05 20 23 29 32
15135|05 16 20 25 29
15134|01 02 06 15 35
15133|03 07 08 25 30
15132|03 08 14 18 27
15131|11 17 19 20 27
15130|17 25 31 32 34
15129|01 06 23 25 29
15128|10 12 23 30 32
15127|09 11 14 19 30
15126|04 05 08 09 21
15125|02 03 15 17 28
15124|04 06 12 31 32
15123|04 15 27 29 30
15122|11 13 15 26 35
15121|02 04 17 27 28
15120|01 09 15 24 32
15119|01 08 12 16 21
15118|03 07 20 24 31
15117|06 17 20 30 33
15116|07 10 19 24 33
15115|08 12 13 14 16
15114|09 18 24 31 34
15113|01 14 21 29 33
15112|04 05 15 19 28
15111|07 08 16 24 28
15110|02 07 10 22 30
15109|01 06 11 22 31
15108|01 13 16 26 31
15107|03 23 25 28 29
15106|02 11 13 22 30
15105|08 09 15 21 27
15104|16 19 25 30 34
15103|07 09 15 25 34
15102|11 14 15 33 34
15101|06 12 17 18 32
15100|09 15 18 23 32
15099|09 12 14 22 25
15098|09 14 21 27 33
15097|04 16 17 26 27
15096|03 09 12 18 21
15095|08 14 26 34 35
15094|02 03 10 11 29
15093|16 17 25 26 27
15092|02 14 21 27 34
15091|02 07 28 29 30
15090|06 09 11 17 21
15089|05 12 18 20 27
15088|05 15 28 31 34
15087|02 05 15 17 22
15086|05 09 11 15 32
15085|02 03 04 06 16
15084|10 20 21 32 34
15083|14 16 19 25 29
15082|08 15 28 31 33
15081|03 04 10 13 17
15080|14 20 29 30 32
15079|01 09 17 23 24
15078|19 24 26 28 33
15077|01 16 17 22 28
15076|03 19 21 31 34
15075|13 14 26 27 33
15074|01 12 21 27 33
15073|09 26 27 30 34
15072|19 20 21 31 33
15071|04 06 13 16 34
15070|03 09 12 17 18
15069|02 09 11 22 25
15068|02 03 20 31 35
15067|04 10 18 24 27
15066|01 03 07 13 29
15065|04 05 07 13 35
15064|02 08 20 28 31
15063|01 04 06 34 35
15062|06 07 13 14 15
15061|06 07 08 16 22
15060|16 24 25 26 33
15059|07 09 19 23 32
15058|10 14 20 27 30
15057|01 05 07 14 26
15056|06 12 19 26 35
15055|06 11 14 20 30
15054|02 09 15 24 34
15053|08 25 28 29 32
15052|13 19 24 27 29
15051|01 02 11 16 21
15050|06 07 10 20 28
15049|08 09 11 15 22
15048|10 11 22 24 33
15047|01 02 17 23 31
15046|05 07 10 22 26
15045|08 09 22 29 30
15044|16 18 27 31 33
15043|02 20 22 25 29
15042|03 07 12 17 24
15041|01 11 21 23 28
15040|02 09 10 23 35
15039|03 06 07 16 25
15038|12 19 22 31 35
15037|10 16 21 28 31
15036|14 18 20 23 24
15035|22 24 29 30 35
15034|04 08 15 18 26
15033|03 17 22 26 28
15032|06 21 25 27 30
15031|07 21 29 32 33
15030|09 18 19 26 31
15029|07 10 19 30 35
15028|03 09 28 32 33
15027|05 21 22 25 28
15026|11 13 14 15 22
15025|07 10 20 22 27
15024|02 06 08 16 34
15023|06 09 11 12 22
15022|09 11 14 15 26
15021|22 23 24 26 31
15020|11 26 28 29 32
15019|02 08 16 22 24
15018|04 07 10 23 31
15017|07 13 16 17 29
15016|06 07 16 20 34
15015|01 05 13 17 32
15014|08 16 25 29 35
15013|11 15 25 28 35
15012|03 04 06 11 31
15011|04 13 22 25 30
15010|02 06 17 30 35
15009|17 22 26 27 33
15008|07 10 11 15 17
15007|02 07 08 14 31
15006|06 08 30 32 33
15005|11 14 15 18 19
15004|03 12 14 18 28
15003|12 19 27 28 34
15002|03 14 20 26 32
15001|08 09 19 27 30
14154|05 12 17 23 28
14153|01 08 13 24 32
14152|05 12 18 24 33
14151|03 08 26 31 32
14150|19 21 30 33 35
14149|02 13 19 26 35
14148|03 09 10 11 20
14147|05 09 14 26 34
14146|02 16 23 24 28
14145|15 19 22 24 26
14144|01 21 24 25 35
14143|01 11 14 18 25
14142|18 21 25 28 30
14141|04 17 20 26 29
14140|01 19 20 25 34
14139|03 05 07 15 34
14138|01 07 29 32 34
14137|02 11 16 22 34
14136|04 18 20 34 35
14135|20 26 28 30 35
14134|02 05 07 11 32
14133|02 08 12 14 18
14132|01 03 04 19 32
14131|03 16 19 23 27
14130|02 18 31 32 33
14129|07 22 28 30 32
14128|02 04 16 22 34
14127|02 04 06 15 19
14126|02 09 22 30 34
14125|12 15 19 23 31
14124|01 03 28 29 35
14123|01 09 12 22 25
14122|03 10 25 26 35
14121|13 16 18 22 32
14120|01 04 06 18 33
14119|04 08 09 13 18
14118|02 03 23 24 26
14117|03 14 17 18 33
14116|06 13 15 24 27
14115|01 05 26 29 30
14114|03 16 24 30 33
14113|02 13 17 19 23
14112|03 05 14 18 32
14111|11 16 18 20 29
14110|09 18 19 22 24
14109|15 18 20 21 23
14108|01 02 13 23 35
14107|05 13 14 21 34
14106|05 09 11 20 22
14105|04 10 26 29 32
14104|07 13 14 28 32
14103|14 20 23 25 26
14102|01 07 14 19 20
14101|09 10 12 17 28
14100|02 04 08 12 35
14099|15 21 22 23 33
14098|16 18 22 25 35
14097|03 15 20 21 23
14096|03 07 21 23 31
14095|06 22 30 31 34
14094|13 14 24 25 34
14093|03 08 30 32 34
14092|02 18 27 30 32
14091|10 16 18 29 32
14090|02 03 20 23 28
14089|02 08 12 29 30
14088|07 13 20 25 26
14087|04 07 31 33 35
14086|06 08 27 29 35
14085|06 12 13 25 29
14084|02 07 09 11 28
14083|18 20 24 33 35
14082|01 08 18 23 25
14081|03 05 08 10 25
14080|17 20 23 25 27
14079|09 10 20 31 32
14078|10 15 16 22 28
14077|09 16 26 31 32
14076|05 10 19 31 32
14075|05 07 29 32 35
14074|06 11 22 27 30
14073|04 05 07 13 35
14072|17 19 22 24 30
14071|04 14 15 22 23
14070|01 02 07 10 32
14069|16 22 27 29 31
14068|05 15 24 29 35
14067|03 18 23 24 31
14066|08 14 16 20 31
14065|07 12 19 31 33
14064|08 15 33 34 35
14063|11 17 21 23 34
14062|04 07 17 24 25
14061|04 11 17 20 29
14060|12 22 29 30 34
14059|07 15 17 25 29
14058|09 15 22 24 26
14057|08 10 20 27 33
14056|12 18 28 29 35
14055|04 23 26 27 35
14054|02 03 20 25 34
14053|02 11 17 27 30
14052|14 19 21 24 30
14051|01 07 11 29 30
14050|10 18 27 28 35
14049|03 15 17 22 31
14048|01 02 05 15 35
14047|06 17 18 30 34
14046|03 15 18 21 26
14045|06 10 12 16 30
14044|22 23 25 27 35
14043|01 11 23 29 30
14042|16 21 25 27 35
14041|05 07 11 15 18
14040|12 15 21 30 33
14039|02 05 11 15 20
14038|07 08 12 20 32
14037|03 04 08 19 34
14036|01 02 12 17 29
14035|09 12 14 28 29
14034|03 11 14 27 32
14033|01 07 08 28 29
14032|02 05 06 09 31
14031|06 15 27 32 33
14030|03 14 18 29 35
14029|03 21 22 23 35
14028|03 10 20 25 30
14027|09 10 24 28 29
14026|05 10 12 15 26
14025|19 20 27 32 34
14024|07 11 15 31 32
14023|04 13 15 29 33
14022|03 06 10 16 25
14021|06 10 17 23 24
14020|01 14 17 30 35
14019|07 12 22 29 32
14018|08 09 12 28 34
14017|05 10 11 23 34
14016|04 06 13 24 34
14015|04 06 18 20 30
14014|01 09 11 27 29
14013|10 11 13 22 28
14012|09 20 21 23 29
14011|04 06 14 24 35
14010|05 10 20 26 27
14009|10 18 25 29 33
14008|11 13 20 28 35
14007|08 11 14 21 32
14006|01 04 07 16 35
14005|15 17 18 29 33
14004|07 10 19 27 28
14003|07 11 13 21 33
14002|01 12 21 24 29
14001|05 13 20 23 29
13153|04 05 16 17 30
13152|09 12 14 18 19
13151|02 13 21 27 30
13150|06 07 14 18 22
13149|06 07 08 09 13
13148|02 05 09 29 32
13147|03 09 22 24 25
13146|06 07 15 25 31
13145|02 13 15 18 20
13144|03 20 21 23 35
13143|03 08 14 21 31
13142|06 11 25 28 29
13141|05 15 18 25 31
13140|01 12 17 26 28
13139|05 06 18 20 31
13138|03 08 13 17 24
13137|04 12 32 33 34
13136|05 11 15 25 28
13135|04 13 19 25 26
13134|02 13 19 23 32
13133|02 08 10 16 17
13132|23 26 28 31 34
13131|12 15 29 30 31
13130|08 09 15 19 30
13129|11 23 29 30 33
13128|11 13 27 33 35
13127|03 14 16 19 32
13126|09 10 15 18 30
13125|04 08 14 23 28
13124|05 07 18 21 32
13123|02 09 10 33 34
13122|15 17 20 24 35
13121|03 18 19 20 24
13120|06 14 15 22 26
13119|01 02 16 23 35
13118|04 06 11 20 31
13117|05 16 23 25 33
13116|13 22 23 30 33
13115|05 16 29 32 34
13114|06 17 21 23 33
13113|19 21 23 28 30
13112|02 10 20 22 29
13111|07 12 13 20 27
13110|07 16 18 32 33
13109|13 20 26 29 32
13108|05 10 13 15 18
13107|07 13 14 18 25
13106|06 07 12 13 27
13105|07 13 27 30 34
13104|02 05 11 27 29
13103|05 08 13 16 31
13102|06 12 15 19 26
13101|04 09 13 15 32
13100|09 12 24 26 30
13099|04 11 28 30 33
13098|02 06 16 29 34
13097|07 08 13 17 32
13096|17 19 20 22 26
13095|03 17 28 30 33
13094|03 28 33 34 35
13093|01 05 17 18 26
13092|07 10 21 27 33
13091|04 09 28 34 35
13090|02 26 30 31 33
13089|06 07 23 24 29
13088|03 05 08 33 35
13087|09 12 22 32 34
13086|09 16 26 29 31
13085|08 19 23 27 32
13084|08 22 26 29 35
13083|26 29 30 32 35
13082|03 09 25 26 33
13081|07 09 15 17 23
13080|06 21 23 27 31
13079|09 10 17 21 34
13078|02 07 23 31 33
13077|24 26 30 32 35
13076|13 15 16 26 27
13075|01 11 13 19 35
13074|06 14 20 24 32
13073|03 05 23 27 31
13072|12 27 28 33 35
13071|13 19 26 27 28
13070|09 12 18 21 29
13069|06 12 13 16 30
13068|10 17 27 34 35
13067|02 03 05 08 29
13066|06 07 13 33 34
13065|09 28 31 34 35
13064|21 24 26 28 32
13063|03 05 11 27 28
13062|01 05 08 09 12
13061|01 14 18 21 32
13060|15 25 26 32 35
13059|03 08 11 24 27
13058|20 21 27 31 35
13057|07 15 27 33 35
13056|11 22 30 32 35
13055|04 05 22 23 24
13054|05 08 21 30 32
13053|13 31 33 34 35
13052|01 02 10 29 31
13051|05 08 15 18 33
13050|14 22 30 32 33
13049|18 22 25 31 32
13048|10 11 23 32 33
13047|12 20 28 30 35
13046|15 16 19 25 32
13045|08 11 12 21 25
13044|07 11 13 18 28
13043|07 13 25 34 35
13042|02 06 22 23 33
13041|03 13 14 15 34
13040|16 17 22 26 35
13039|06 23 30 33 35
13038|01 19 24 25 26
13037|02 26 31 32 34
13036|08 12 32 33 35
13035|05 14 28 32 34
13034|01 03 11 19 29
13033|12 18 22 28 31
13032|12 27 28 33 35
13031|12 17 18 26 32
13030|03 05 09 10 28
13029|05 07 17 25 26
13028|13 19 28 30 34
13027|03 12 14 24 35
13026|02 10 16 30 33
13025|03 23 25 26 28
13024|09 12 14 18 24
13023|05 19 24 26 35
13022|03 04 13 17 23
13021|23 24 28 30 33
13020|06 11 20 31 32
13019|06 12 17 29 30
13018|20 23 31 33 34
13017|11 14 22 29 34
13016|05 15 19 27 32
13015|14 15 26 32 33
13014|05 08 25 29 31
13013|13 15 29 30 35
13012|01 14 31 32 34
13011|01 02 08 15 23
13010|09 15 17 18 29
13009|10 17 19 27 29
13008|02 07 25 29 34
13007|14 29 32 33 34
13006|08 20 25 31 32
13005|18 22 26 28 31
13004|07 08 12 20 25
13003|01 16 18 21 31
13002|04 20 27 31 32
13001|06 09 11 31 32
12154|03 26 27 31 32
12153|08 09 10 13 22
12152|04 17 26 33 34
12151|03 19 20 24 33
12150|02 14 18 24 31
12149|02 10 23 33 34
12148|04 16 27 29 34
12147|02 03 17 19 33
12146|01 10 13 17 26
12145|05 22 31 33 35
12144|11 13 14 21 29
12143|09 27 29 30 31
12142|15 19 29 34 35
12141|03 11 19 23 34
12140|07 17 27 28 29
12139|09 10 12 22 25
12138|13 17 27 31 33
12137|03 12 20 21 27
12136|02 23 29 30 31
12135|03 05 17 18 33
12134|01 06 18 32 35
12133|05 07 13 29 30
12132|05 08 21 25 33
12131|02 16 18 27 30
12130|14 19 23 29 30
12129|01 07 21 28 31
12128|09 10 19 30 31
12127|12 13 14 25 35
12126|13 14 21 28 29
12125|06 14 17 22 35
12124|07 11 19 20 35
12123|05 08 18 30 33
12122|23 24 25 29 31
12121|07 18 20 29 30
12120|02 10 21 23 29
12119|05 06 09 19 32
12118|05 17 25 30 33
12117|01 12 18 21 33
12116|01 11 18 20 22
12115|01 06 13 19 23
12114|03 06 21 33 35
12113|03 10 22 27 29
12112|01 02 28 31 35
12111|01 24 25 30 33
12110|01 11 17 19 26
12109|01 22 30 32 35
12108|06 07 12 24 35
12107|04 07 09 22 33
12106|15 23 25 29 31
12105|05 06 14 15 31
12104|16 18 24 25 27
12103|02 09 18 23 24
12102|02 04 06 13 35
12101|02 05 08 09 31
12100|07 09 13 19 27
12099|12 18 24 25 32
12098|02 11 28 29 30
12097|09 17 24 29 32
12096|05 10 19 24 35
12095|06 09 22 27 30
12094|02 14 23 32 35
12093|02 16 21 31 33
12092|08 09 23 25 31
12091|03 10 28 31 33
12090|02 21 27 29 33
12089|06 12 21 29 32
12088|13 17 24 30 35
12087|01 06 07 21 31
12086|03 20 25 29 32
12085|07 18 29 31 33
12084|21 24 27 29 31
12083|16 19 28 29 31
12082|02 04 09 10 15
12081|10 16 17 30 35
12080|11 12 14 25 28
12079|01 05 25 32 33
12078|01 02 23 25 35
12077|10 30 32 33 34
12076|02 14 16 22 24
12075|07 09 10 18 22
12074|10 22 23 30 32
12073|18 23 29 33 34
12072|04 08 17 22 25
12071|13 23 29 31 34
12070|09 22 23 32 34
12069|02 04 22 25 34
12068|01 21 31 32 35
12067|20 22 27 30 33
12066|01 20 25 29 33
12065|10 22 28 29 34
12064|09 12 13 15 30
12063|11 25 26 29 35
12062|21 32 33 34 35
12061|05 10 14 27 33
12060|02 16 21 24 30
12059|09 13 19 21 27
12058|13 21 29 31 35
12057|01 02 14 33 34
12056|11 21 23 26 34
12055|07 22 26 32 33
12054|01 16 18 27 30
12053|11 12 26 28 31
12052|10 20 26 31 33
12051|01 02 17 18 33
12050|13 17 22 28 29
12049|09 18 22 27 31
12048|06 09 26 30 35
12047|05 07 17 30 34
12046|04 08 19 23 27
12045|05 11 17 20 28
12044|03 04 14 32 35
12043|01 06 25 31 34
12042|07 24 27 28 35
12041|01 02 13 22 23
12040|02 13 23 28 29
12039|15 21 22 24 35
12038|11 23 25 31 35
12037|09 13 27 31 35
12036|01 09 20 30 31
12035|01 04 30 32 35
12034|01 08 15 16 29
12033|08 13 19 27 32
12032|07 08 16 26 34
12031|19 21 23 25 30
12030|03 21 22 26 32
12029|04 07 08 18 29
12028|10 12 15 33 34
12027|03 10 11 22 31
12026|10 11 22 23 29
12025|01 02 05 12 27
12024|03 11 17 21 30
12023|07 09 17 29 35
12022|07 12 20 33 35
12021|10 15 21 31 34
12020|12 14 27 29 34
12019|07 09 17 30 34
12018|03 10 14 29 31
12017|06 11 22 29 34
12016|05 14 20 29 31
12015|12 13 24 26 33
12014|10 14 24 30 32
12013|07 08 11 12 24
12012|06 18 22 30 35
12011|05 19 22 29 30
12010|25 26 29 32 34
12009|06 14 20 29 35
12008|06 08 30 31 32
12007|04 05 13 17 25
12006|03 20 22 25 27
12005|01 02 29 31 33
12004|10 11 22 31 32
12003|16 22 24 33 34
12002|03 11 14 26 29
12001|07 27 28 32 33
11154|04 12 16 20 28
11153|06 22 29 30 35
11152|01 04 06 21 35
11151|07 11 14 20 27
11150|13 22 30 33 34
11149|02 07 12 29 31
11148|07 10 11 26 31
11147|01 15 16 27 28
11146|09 13 19 29 34
11145|07 15 19 24 29
11144|07 18 24 28 33
11143|08 09 12 25 33
11142|04 26 30 33 34
11141|02 11 19 22 35
11140|01 12 32 33 34
11139|04 06 10 15 16
11138|17 23 26 30 32
11137|02 15 18 23 31
11136|08 09 11 19 33
11135|06 22 29 33 35
11134|01 10 12 14 17
11133|04 11 23 26 35
11132|12 14 16 19 33
11131|03 05 12 18 33
11130|08 09 13 23 35
11129|01 07 13 18 23
11128|03 04 06 11 13
11127|01 11 22 26 29
11126|07 17 29 30 33
11125|07 10 27 34 35
11124|08 12 14 20 25
11123|10 14 18 19 35
11122|03 08 23 24 34
11121|02 03 30 31 33
11120|20 25 26 30 31
11119|04 15 20 26 31
11118|04 07 11 32 35
11117|10 12 28 32 33
11116|10 15 18 19 26
11115|17 26 30 31 35
11114|06 08 17 27 35
11113|04 05 07 10 12
11112|06 17 28 32 33
11111|02 11 13 23 31
11110|30 31 33 34 35
11109|01 11 12 22 34
11108|07 15 18 24 28
11107|02 06 18 30 32
11106|01 09 29 30 35
11105|02 11 26 32 33
11104|07 19 27 28 34
11103|03 04 26 29 34
11102|19 24 28 31 34
11101|05 12 20 28 30
11100|08 11 13 28 33
11099|02 06 09 12 20
11098|06 07 28 33 35
11097|04 19 28 31 33
11096|03 08 20 24 25
11095|09 12 17 19 29
11094|11 21 22 32 34
11093|04 06 08 19 31
11092|10 17 19 32 33
11091|11 17 23 29 30
11090|02 04 29 30 34
11089|05 06 23 27 34
11088|20 21 27 29 35
11087|06 13 20 25 34
11086|04 05 06 09 15
11085|02 17 19 21 22
11084|14 29 31 34 35
11083|06 08 18 20 24
11082|07 20 25 30 32
11081|04 13 20 21 35
11080|05 12 30 31 32
11079|01 03 23 30 31
11078|04 09 16 27 30
11077|05 08 19 33 34
11076|18 23 25 29 30
11075|06 09 20 23 28
11074|07 16 23 28 31
11073|13 19 20 22 33
11072|03 11 13 20 35
11071|27 31 33 34 35
11070|09 19 22 29 30
11069|03 05 28 29 33
11068|01 13 16 18 32
11067|10 17 22 24 32
11066|06 13 18 20 33
11065|03 11 14 25 34
11064|01 06 27 30 34
11063|10 17 18 26 32
11062|06 10 17 20 21
11061|06 07 16 18 20
11060|03 25 29 32 34
11059|09 16 21 29 34
11058|01 09 27 32 33
11057|07 11 30 31 34
11056|03 05 29 30 31
11055|01 07 31 32 35
11054|05 09 16 26 35
11053|03 16 28 31 32
11052|13 24 31 32 33
11051|06 08 12 17 18
11050|04 07 29 32 33
11049|05 06 10 22 25
11048|13 17 25 27 28
11047|02 15 22 33 35
11046|09 15 16 19 29
11045|13 21 22 29 31
11044|11 21 24 26 31
11043|02 08 23 33 35
11042|06 09 18 30 32
11041|04 05 11 13 25
11040|03 07 15 18 20
11039|01 11 14 22 34
11038|07 09 11 13 33
11037|01 12 14 22 24
11036|03 18 29 30 33
11035|03 04 13 15 32
11034|03 06 09 17 27
11033|03 19 24 29 33
11032|07 16 23 31 33
11031|12 17 19 22 35
11030|15 19 25 30 33
11029|03 09 17 24 28
11028|01 02 13 17 28
11027|05 14 25 34 35
11026|01 09 15 20 29
11025|08 09 25 28 29
11024|12 15 16 20 33
11023|05 13 16 18 24
11022|09 14 24 25 34
11021|01 09 13 17 30
11020|09 12 19 22 28
11019|08 21 23 27 33
11018|16 22 24 32 34
11017|16 19 24 26 31
11016|15 20 30 33 35
11015|08 18 19 22 23
11014|02 14 20 21 24
11013|05 08 14 28 30
11012|03 12 19 25 30
11011|02 17 23 24 30
11010|04 08 10 14 27
11009|09 10 11 14 24
11008|01 23 26 27 30
11007|14 24 32 33 35
11006|02 08 16 26 35
11005|01 07 25 27 30
11004|07 08 10 23 25
11003|01 24 27 30 31
11002|11 13 27 28 29
11001|07 08 15 32 34
10153|06 07 16 24 35
10152|02 05 18 22 23
10151|01 10 32 33 35
10150|05 24 28 29 35
10149|05 22 24 25 30
10148|03 04 08 10 35
10147|01 15 19 21 23
10146|14 17 30 31 34
10145|18 19 27 28 33
10144|02 11 16 22 31
10143|10 16 18 22 27
10142|10 11 19 21 27
10141|05 11 17 23 33
10140|06 18 20 30 31
10139|03 13 16 19 29
10138|08 12 14 19 27
10137|22 27 28 33 35
10136|03 13 18 30 33
10135|14 17 19 26 32
10134|09 12 13 19 30
10133|11 16 17 21 22
10132|18 21 23 25 29
10131|10 15 22 28 29
10130|05 06 09 10 34
10129|14 15 24 25 26
10128|06 17 19 29 35
10127|03 22 24 30 33
10126|03 05 09 13 33
10125|01 07 09 14 19
10124|01 09 27 29 34
10123|18 20 30 32 33
10122|05 06 11 13 26
10121|21 22 31 32 34
10120|08 10 18 34 35
10119|05 13 14 23 26
10118|19 22 23 29 35
10117|04 06 21 27 34
10116|14 22 27 28 35
10115|05 07 10 15 32
10114|03 07 22 25 35
10113|05 16 22 23 32
10112|14 15 18 34 35
10111|03 06 13 14 29
10110|21 29 30 33 35
10109|01 02 08 11 25
10108|01 10 13 19 34
10107|14 17 22 27 34
10106|05 27 28 29 34
10105|05 17 26 27 35
10104|14 25 30 32 33
10103|10 14 29 30 35
10102|04 15 19 24 35
10101|11 15 22 27 35
10100|19 20 30 33 35
10099|03 11 17 21 30
10098|02 03 12 13 25
10097|09 17 21 28 29
10096|04 09 24 30 35
10095|12 14 16 19 25
10094|20 32 33 34 35
10093|02 04 09 28 29
10092|02 15 29 30 34
10091|06 10 23 26 31
10090|08 24 26 31 32
10089|04 10 13 18 23
10088|03 05 14 30 35
10087|01 12 20 21 24
10086|01 02 12 19 35
10085|02 10 16 18 34
10084|03 13 14 22 26
10083|07 11 21 22 35
10082|05 08 24 29 30
10081|14 18 20 24 27
10080|08 19 27 29 34
10079|01 04 21 22 24
10078|02 03 15 28 35
10077|06 07 09 17 24
10076|09 12 16 19 35
10075|10 12 17 23 27
10074|03 07 20 27 32
10073|04 09 11 30 32
10072|05 10 17 23 25
10071|07 12 26 30 32
10070|05 14 23 25 28
10069|06 17 18 25 29
10068|11 17 19 20 34
10067|01 11 19 30 32
10066|15 21 22 24 27
10065|05 08 13 14 32
10064|07 10 12 20 21
10063|07 14 16 30 31
10062|06 07 18 30 31
10061|05 12 14 17 22
10060|10 13 22 33 34
10059|06 10 14 25 34
10058|06 15 17 19 30
10057|15 17 24 32 35
10056|05 09 23 25 30
10055|13 14 17 27 32
10054|12 25 29 30 33
10053|09 19 22 26 34
10052|04 06 25 29 32
10051|06 10 20 24 32
10050|07 08 15 30 35
10049|01 25 29 31 33
10048|02 03 10 12 25
10047|04 08 11 30 31
10046|02 15 19 26 27
10045|08 17 18 20 28
10044|06 21 24 28 30
10043|05 08 10 33 35
10042|01 05 19 34 35
10041|16 22 28 29 34
10040|13 20 26 31 35
10039|07 19 26 28 32
10038|08 10 25 29 33
10037|19 21 26 34 35
10036|19 25 28 31 33
10035|14 16 20 31 34
10034|01 06 19 25 26
10033|12 19 28 29 30
10032|13 16 23 24 33
10031|05 13 16 17 35
10030|10 12 19 32 35
10029|21 22 33 34 35
10028|01 02 07 20 35
10027|05 23 26 32 34
10026|05 23 25 31 35
10025|09 11 13 14 25
10024|03 14 19 24 25
10023|11 13 29 32 33
10022|02 11 13 14 25
10021|11 20 23 24 25
10020|08 18 26 32 33
10019|03 11 19 26 27
10018|03 10 26 32 33
10017|13 21 23 27 34
10016|10 12 20 23 32
10015|03 10 14 18 28
10014|18 19 30 33 35
10013|18 21 22 26 34
10012|20 24 30 31 33
10011|02 03 11 27 32
10010|15 22 24 32 35
10009|02 05 13 27 32
10008|11 23 25 31 32
10007|07 23 26 29 32
10006|03 13 19 30 34
10005|04 17 19 22 30
10004|03 06 21 24 34
10003|05 14 23 27 30
10002|04 23 25 26 30
10001|02 06 07 12 27
09153|21 22 30 32 34
09152|01 23 29 30 32
09151|03 08 14 30 31
09150|04 11 18 25 34
09149|01 03 10 12 20
09148|02 04 13 14 33
09147|06 12 18 22 29
09146|11 17 23 24 25
09145|05 11 14 22 35
09144|18 26 32 33 34
09143|01 09 10 11 22
09142|05 06 13 24 31
09141|13 14 21 30 33
09140|07 08 19 26 30
09139|14 16 20 22 32
09138|03 04 14 28 32
09137|12 28 29 30 34
09136|07 13 23 24 29
09135|06 08 15 20 32
09134|02 16 19 28 33
09133|01 08 24 27 34
09132|02 10 12 15 28
09131|02 03 08 33 34
09130|09 14 25 32 34
09129|02 10 18 32 33
09128|06 21 28 32 34
09127|05 09 27 32 34
09126|14 23 27 28 33
09125|08 20 23 29 31
09124|01 03 14 32 35
09123|10 21 28 29 32
09122|01 02 11 31 33
09121|04 05 08 11 22
09120|11 23 27 28 32
09119|03 12 22 23 28
09118|10 17 18 21 34
09117|07 21 29 31 33
09116|12 15 23 30 33
09115|01 02 06 08 26
09114|02 08 25 29 33
09113|03 04 10 18 27
09112|02 08 12 34 35
09111|04 11 13 19 35
09110|22 28 30 31 34
09109|02 11 13 26 35
09108|01 09 14 29 30
09107|11 12 33 34 35
09106|11 21 22 25 34
09105|01 25 26 34 35
09104|15 25 29 32 33
09103|16 20 28 32 33
09102|11 13 29 32 35
09101|02 10 14 22 26
09100|16 20 25 29 33
09099|03 09 21 23 33
09098|11 17 19 25 26
09097|06 13 14 22 25
09096|07 12 28 32 33
09095|08 18 24 30 33
09094|01 05 21 23 29
09093|07 09 22 30 33
09092|10 21 22 27 29
09091|01 05 17 32 34
09090|18 25 30 33 34
09089|03 06 11 19 27
09088|13 16 27 32 34
09087|10 24 28 30 33
09086|01 02 07 26 29
09085|06 13 27 33 34
09084|05 09 19 26 35
09083|02 05 28 34 35
09082|05 11 26 29 32
09081|02 15 20 25 33
09080|07 16 19 29 35
09079|01 02 07 13 34
09078|11 23 26 31 34
09077|07 20 28 32 34
09076|03 09 11 18 24
09075|01 07 11 32 33
09074|15 17 19 23 32
09073|01 10 19 21 30
09072|23 26 29 32 33
09071|04 20 29 30 33
09070|10 21 24 30 31
09069|14 16 27 30 33
09068|02 12 15 20 28
09067|03 06 25 28 32
09066|01 08 19 24 31
09065|01 12 24 27 32
09064|06 10 11 17 34
09063|05 06 18 21 22
09062|04 22 23 29 31
09061|02 10 21 26 34
09060|18 28 29 30 31
09059|02 13 14 29 33
09058|08 10 14 27 32
09057|06 15 22 27 30
09056|04 13 17 32 35
09055|05 08 14 23 24
09054|02 12 19 29 30
09053|05 09 24 31 33
09052|23 24 30 34 35
09051|03 11 22 26 29
09050|05 15 28 32 33
09049|05 16 28 29 34
09048|05 06 22 25 27
09047|13 18 21 24 29
09046|01 09 24 34 35
09045|01 09 14 24 35
09044|01 07 18 29 34
09043|05 21 22 32 35
09042|11 24 25 26 31
09041|05 09 20 23 29
09040|03 16 30 32 33
09039|01 03 07 10 33
09038|06 17 20 29 32
09037|17 18 19 25 31
09036|02 12 26 31 33
09035|03 07 09 28 33
09034|05 19 31 32 35
09033|02 08 18 21 32
09032|04 12 20 26 29
09031|07 11 19 21 22
09030|01 07 27 30 32
09029|03 04 13 17 24
09028|06 20 30 32 35
09027|03 22 26 33 34
09026|24 30 31 32 34
09025|03 17 22 23 33
09024|29 31 32 33 35
09023|15 17 21 27 33
09022|12 14 17 34 35
09021|01 15 31 32 34
09020|05 16 18 32 35
09019|04 29 31 32 35
09018|01 06 13 28 29
09017|05 11 23 26 33
09016|10 11 20 26 27
09015|01 05 10 16 27
09014|08 14 15 25 26
09013|05 24 26 30 35
09012|02 05 20 25 31
09011|02 11 13 14 21
09010|02 09 12 21 29
09009|12 18 23 26 32
09008|04 17 21 29 31
09007|06 14 15 29 35
09006|02 04 22 31 35
09005|10 11 15 31 32
09004|01 03 22 32 35
09003|16 18 23 30 32
09002|01 04 07 12 30
09001|01 15 23 27 30
08154|05 07 10 29 32
08153|02 04 06 25 26
08152|03 05 14 20 33
08151|07 10 27 31 34
08150|01 09 10 15 25
08149|02 05 06 27 29
08148|03 07 20 33 35
08147|16 18 19 24 35
08146|09 23 24 26 33
08145|05 16 27 29 30
08144|10 19 27 28 33
08143|01 02 22 29 32
08142|06 18 21 30 35
08141|09 15 18 30 34
08140|02 09 11 29 32
08139|01 06 10 14 22
08138|04 05 18 22 35
08137|01 10 25 32 35
08136|03 28 29 32 34
08135|07 22 25 29 33
08134|11 13 15 28 35
08133|10 12 15 33 35
08132|06 14 24 27 29
08131|08 09 12 21 32
08130|03 05 22 29 34
08129|13 16 20 25 27
08128|12 15 23 24 25
08127|08 21 22 31 33
08126|09 29 32 34 35
08125|01 04 28 33 34
08124|02 10 13 29 33
08123|01 06 12 28 31
08122|03 06 12 20 29
08121|11 23 24 32 35
08120|21 23 24 25 32
08119|01 02 10 19 27
08118|06 09 19 25 30
08117|13 23 24 25 30
08116|06 08 15 24 31
08115|07 09 19 21 33
08114|02 03 22 27 31
08113|11 14 17 19 22
08112|04 18 26 32 33
08111|02 11 12 14 19
08110|05 16 25 27 33
08109|01 10 18 28 34
08108|11 16 24 29 32
08107|01 02 13 15 16
08106|03 05 21 28 33
08105|12 21 22 26 35
08104|07 08 10 24 34
08103|02 11 22 30 34
08102|05 25 26 29 35
08101|10 13 23 31 33
08100|12 20 26 29 30
08099|03 18 23 25 30
08098|07 10 22 27 33
08097|01 10 31 33 35
08096|06 07 12 25 28
08095|03 04 11 21 25
08094|07 12 19 27 34
08093|06 07 10 24 30
08092|03 23 26 32 34
08091|09 13 19 22 25
08090|04 11 18 33 34
08089|08 13 24 32 33
08088|07 11 19 27 31
08087|14 22 32 33 35
08086|01 06 10 22 35
08085|03 07 13 15 19
08084|02 17 20 22 25
08083|06 14 15 30 31
08082|15 19 29 33 35
08081|07 08 20 22 29
08080|06 09 29 31 33
08079|20 23 26 32 33
08078|08 17 20 28 31
08077|01 08 21 33 34
08076|03 05 10 27 34
08075|01 10 13 30 33
08074|10 13 22 31 35
08073|02 05 06 07 31
08072|10 25 32 33 34
08071|01 05 11 14 25
08070|09 17 18 21 31
08069|05 13 16 29 33
08068|06 09 11 33 34
08067|03 10 14 15 22
08066|02 07 21 22 25
08065|19 22 23 25 32
08064|14 18 24 27 31
08063|07 11 24 30 35
08062|01 15 27 28 29
08061|07 10 14 19 32
08060|03 13 17 23 30
08059|07 13 21 25 31
08058|03 09 11 29 33
08057|05 08 09 17 33
08056|15 19 25 30 31
08055|02 14 28 30 35
08054|05 14 23 31 35
08053|01 13 21 23 32
08052|03 18 19 30 35
08051|01 07 09 11 33
08050|01 05 11 26 27
08049|01 11 14 28 30
08048|01 13 22 25 27
08047|12 18 22 23 30
08046|11 25 26 27 35
08045|14 32 33 34 35
08044|02 21 23 27 32
08043|05 08 10 31 33
08042|05 10 13 32 35
08041|07 17 21 22 28
08040|04 08 19 22 29
08039|07 11 15 27 35
08038|12 13 19 32 33
08037|11 20 24 31 35
08036|09 19 22 30 32
08035|02 12 13 29 30
08034|06 07 18 34 35
08033|03 10 21 23 30
08032|03 09 19 27 33
08031|14 20 23 27 28
08030|03 21 23 26 35
08029|06 11 18 29 30
08028|03 11 17 19 26
08027|05 17 23 31 32
08026|01 21 22 24 25
08025|06 10 12 15 28
08024|08 12 17 20 30
08023|06 26 31 32 34
08022|09 12 13 25 31
08021|05 10 13 21 24
08020|04 05 15 17 33
08019|08 24 25 29 31
08018|03 06 07 11 30
08017|02 14 25 29 32
08016|08 10 11 17 19
08015|09 18 20 27 33
08014|04 07 10 28 34
08013|01 11 19 22 35
08012|02 10 29 32 35
08011|14 20 22 24 27
08010|06 23 24 27 29
08009|04 08 12 24 30
08008|02 06 08 17 32
08007|03 04 05 12 28
08006|10 12 26 29 34
08005|18 25 29 31 34
08004|09 22 24 31 33
08003|01 11 13 32 35
08002|01 12 24 31 32
08001|01 02 11 34 35
07093|06 08 16 25 27
07092|06 19 27 28 29
07091|07 12 26 31 32
07090|04 20 24 31 33
07089|08 13 24 30 34
07088|17 18 21 23 33
07087|08 18 30 31 33
07086|14 18 19 26 28
07085|17 24 28 29 33
07084|05 11 18 29 34
07083|01 05 20 21 24
07082|03 05 14 33 34
07081|06 18 20 22 35
07080|01 15 20 25 27
07079|06 09 25 26 31
07078|09 12 14 22 23
07077|04 06 12 13 24
07076|02 09 12 15 31
07075|05 11 20 30 32
07074|16 17 23 24 31
07073|04 05 09 12 23
07072|21 24 26 27 33
07071|10 22 32 33 35
07070|07 26 29 30 35
07069|02 13 16 21 35
07068|04 09 13 14 33
07067|11 18 25 30 31
07066|04 07 08 19 24
07065|19 20 24 29 31
07064|02 16 32 33 35
07063|10 31 33 34 35
07062|01 04 10 14 29
07061|02 10 19 28 29
07060|12 13 29 30 31
07059|04 15 23 31 33
07058|08 21 25 28 33
07057|14 16 30 32 35
07056|04 11 17 20 21
07055|10 16 24 31 33
07054|04 10 19 29 34
07053|11 16 19 21 25
07052|01 14 29 32 33
07051|03 07 24 28 35
07050|13 21 22 30 35
07049|09 10 15 17 32
07048|08 25 26 29 35
07047|01 06 15 19 35
07046|04 16 18 23 30
07045|09 16 20 26 35
07044|04 05 07 12 26
07043|04 09 22 24 31
07042|07 10 22 31 35
07041|03 16 17 22 35
07040|05 21 25 28 35
07039|10 11 20 21 35
07038|06 21 25 27 32
07037|01 06 07 17 31
07036|15 18 21 27 34
07035|07 11 16 31 32
07034|06 08 11 13 22
07033|01 05 08 14 22
07032|01 13 21 23 32
07031|03 21 27 31 32
07030|11 14 27 33 35
07029|15 22 25 29 35
07028|20 26 30 34 35
07027|02 03 10 19 27
07026|05 09 13 33 35
07025|22 24 26 27 34
07024|06 16 20 25 31
07023|08 10 23 32 34
07022|08 10 12 23 25
07021|02 04 24 29 33
07020|02 06 11 12 18
07019|03 06 17 22 23
07018|03 04 16 23 28
07017|13 14 29 32 34
07016|01 14 19 24 31
07015|02 08 12 13 17
07014|01 02 07 29 32
07013|12 17 27 29 34
07012|03 12 15 29 34
07011|29 32 33 34 35
07010|06 08 18 29 34
07009|01 03 09 19 34
07008|02 08 11 21 23
07007|14 16 25 26 35
07006|01 16 20 23 28
07005|01 09 19 20 30
07004|06 10 16 17 25
07003|03 04 18 23 32
07002|15 22 31 34 35
07001|22 24 29 31 35
