2016060|04 06 08 14 17 22 24 26
2016059|01 02 07 08 10 14 24 25
2016058|05 08 12 13 14 18 20 29
2016057|12 13 17 20 22 28 29 30
2016056|07 09 12 17 19 23 25 26
2016055|01 03 09 12 14 16 19 24
2016054|04 06 10 11 15 21 22 29
2016053|01 08 21 24 26 27 28 30
2016052|03 04 05 08 12 14 16 29
2016051|04 07 08 14 19 25 26 30
2016050|03 10 12 13 15 24 25 27
2016049|04 06 07 10 11 21 25 27
2016048|04 09 11 12 13 14 18 19
2016047|01 03 06 09 10 14 19 20
2016046|08 10 11 12 13 14 21 23
2016045|07 09 20 21 22 23 25 28
2016044|03 05 09 15 16 17 18 21
2016043|02 06 11 21 23 26 28 29
2016042|02 06 07 08 09 10 12 28
2016041|03 11 14 16 19 23 26 27
2016040|01 12 13 14 18 24 26 30
2016039|03 06 10 11 13 16 17 30
2016038|02 04 10 11 18 22 25 29
2016037|04 09 10 19 24 27 28 29
2016036|10 16 18 21 24 27 28 30
2016035|04 11 14 16 17 19 21 29
2016034|02 07 10 13 14 20 23 29
2016033|02 06 10 11 13 17 24 29
2016032|02 12 15 16 18 20 23 24
2016031|04 14 18 19 23 24 28 29
2016030|07 10 16 19 21 23 29 30
2016029|01 03 05 07 09 15 17 25
2016028|01 02 09 15 16 21 24 26
2016027|02 03 04 06 07 08 09 28
2016026|02 05 06 12 17 22 25 28
2016025|03 04 06 19 21 27 28 30
2016024|02 07 09 17 18 22 28 29
2016023|01 06 10 13 14 25 26 28
2016022|02 06 09 11 13 15 18 28
2016021|01 02 03 07 08 10 14 18
2016020|11 12 18 19 20 23 26 27
2016019|04 08 09 10 11 19 24 25
2016018|01 05 08 10 16 18 23 26
2016017|03 08 14 15 19 22 27 29
2016016|05 07 09 11 12 23 25 28
2016015|05 08 09 18 21 23 27 29
2016014|06 08 10 13 19 26 28 30
2016013|03 05 06 08 10 17 24 30
2016012|02 03 08 13 21 24 25 26
2016011|05 07 09 10 13 21 25 27
2016010|03 07 10 11 12 18 29 30
2016009|05 06 09 17 19 20 22 24
2016008|01 02 03 04 11 12 20 21
2016007|01 08 12 18 22 26 28 29
2016006|07 09 10 12 13 14 19 20
2016005|02 03 04 20 21 22 23 26
2016004|04 07 09 13 15 21 28 29
2016003|01 08 12 13 21 26 27 28
2016002|04 06 12 15 18 23 25 26
2016001|16 18 20 21 22 23 24 29
2015153|12 14 18 19 22 23 25 30
2015152|04 10 15 20 23 26 27 29
2015151|01 04 06 11 15 16 17 25
2015150|02 06 17 21 24 28 29 30
2015149|08 09 10 12 13 24 26 29
2015148|09 10 11 13 18 20 23 28
2015147|03 05 06 09 11 18 27 28
2015146|04 10 11 18 22 23 25 28
2015145|04 06 12 16 17 19 22 25
2015144|01 04 06 08 13 15 18 23
2015143|01 05 09 15 16 21 25 26
2015142|01 07 08 09 15 18 19 25
2015141|03 05 07 08 20 23 24 27
2015140|05 06 07 15 21 26 28 29
2015139|01 03 04 06 17 20 25 30
2015138|01 07 15 22 23 25 26 27
2015137|02 04 06 09 12 15 17 18
2015136|04 05 06 11 14 22 23 25
2015135|01 13 15 20 23 24 27 29
2015134|08 11 15 19 20 25 27 29
2015133|03 04 08 09 12 18 19 28
2015132|01 02 06 07 08 18 19 30
2015131|01 03 05 08 11 20 23 30
2015130|04 05 09 12 13 18 24 29
2015129|01 06 07 09 14 15 22 23
2015128|03 08 13 14 20 25 28 29
2015127|02 10 11 14 18 20 22 26
2015126|06 08 11 18 21 26 27 29
2015125|02 03 15 20 21 24 25 27
2015124|04 05 06 12 13 20 23 27
2015123|06 18 23 24 25 26 28 30
2015122|01 07 08 09 13 14 24 29
2015121|11 21 23 24 25 26 28 29
2015120|02 04 06 14 17 23 24 30
2015119|05 10 13 14 22 26 28 30
2015118|01 02 03 07 15 24 27 29
2015117|01 11 13 16 19 22 23 25
2015116|03 04 05 08 15 17 20 24
2015115|04 11 16 17 18 20 26 29
2015114|03 04 08 16 20 21 28 29
2015113|05 12 14 19 21 23 28 29
2015112|02 04 05 10 22 23 28 29
2015111|03 06 08 11 13 15 19 26
2015110|02 04 05 06 07 08 11 12
2015109|01 06 13 16 17 18 21 27
2015108|06 07 08 12 22 24 25 29
2015107|01 03 06 07 10 13 24 25
2015106|01 02 14 17 20 23 28 29
2015105|08 14 15 20 21 23 27 28
2015104|01 04 05 12 16 20 23 24
2015103|02 03 06 20 22 26 27 29
2015102|02 04 05 08 10 18 26 27
2015101|06 07 12 16 18 22 23 29
2015100|03 06 07 12 18 19 22 29
2015099|01 03 08 09 17 18 23 24
2015098|03 05 11 20 22 23 24 28
2015097|02 04 09 14 16 18 27 28
2015096|01 07 11 12 13 17 19 25
2015095|01 02 09 10 13 21 26 27
2015094|01 04 06 16 19 22 23 26
2015093|03 07 09 14 15 19 24 25
2015092|03 05 06 08 15 16 17 30
2015091|07 08 10 15 16 17 22 24
2015090|06 12 13 17 18 23 24 27
2015089|03 19 22 23 24 27 28 30
2015088|01 08 14 15 18 19 22 26
2015087|03 04 09 16 21 24 26 30
2015086|04 05 06 08 16 19 25 28
2015085|01 03 04 11 13 16 21 28
2015084|02 08 15 17 22 27 28 30
2015083|07 10 12 19 24 25 26 28
2015082|03 05 07 13 14 17 23 30
2015081|06 11 13 18 21 25 27 28
2015080|01 09 11 14 16 26 27 30
2015079|01 04 09 16 18 20 21 26
2015078|01 09 13 14 16 17 19 28
2015077|03 06 07 09 17 20 28 29
2015076|03 10 14 19 20 23 25 28
2015075|04 12 13 18 19 20 22 30
2015074|01 08 09 16 18 21 26 28
2015073|03 06 07 13 20 24 25 30
2015072|04 10 12 13 23 26 27 30
2015071|01 02 12 13 20 21 23 29
2015070|01 02 05 10 15 25 27 28
2015069|03 07 08 13 15 17 28 30
2015068|01 04 05 10 15 19 28 30
2015067|03 05 12 20 21 26 28 29
2015066|01 06 07 09 12 15 16 28
2015065|02 04 05 06 09 15 19 24
2015064|02 08 15 18 21 25 27 30
2015063|02 03 05 11 12 15 17 24
2015062|03 08 09 11 12 15 19 30
2015061|04 06 07 15 16 18 23 25
2015060|03 04 14 16 24 25 27 29
2015059|02 03 04 06 20 26 29 30
2015058|07 08 09 12 21 26 29 30
2015057|04 08 10 15 20 22 27 28
2015056|05 08 19 24 25 26 28 30
2015055|02 03 05 09 17 21 25 26
2015054|01 07 09 10 12 18 23 25
2015053|04 07 09 13 14 18 21 28
2015052|02 04 05 09 13 19 21 27
2015051|02 10 11 13 19 22 24 27
2015050|04 07 09 17 26 27 29 30
2015049|05 10 13 15 16 25 26 28
2015048|01 02 10 12 14 20 22 29
2015047|03 06 07 10 11 15 24 30
2015046|01 04 13 14 17 19 21 23
2015045|12 14 18 21 22 28 29 30
2015044|02 06 10 16 18 19 26 29
2015043|01 02 06 12 13 14 15 21
2015042|02 07 14 16 17 18 20 22
2015041|02 04 09 12 13 14 23 30
2015040|01 02 08 13 16 17 26 27
2015039|04 05 14 17 20 22 23 27
2015038|03 10 14 17 22 23 24 27
2015037|09 13 16 19 20 25 26 29
2015036|05 06 07 11 13 22 28 30
2015035|04 05 07 08 10 22 26 29
2015034|08 14 16 17 27 28 29 30
2015033|03 09 12 13 15 18 21 26
2015032|02 03 04 06 08 10 19 27
2015031|01 06 09 15 24 25 26 30
2015030|03 05 11 14 15 23 24 27
2015029|03 04 09 12 14 19 20 22
2015028|05 06 19 21 22 23 27 29
2015027|02 03 05 12 18 19 21 27
2015026|09 12 13 15 20 22 23 29
2015025|03 09 10 15 17 18 21 24
2015024|08 10 12 19 23 24 26 29
2015023|03 05 10 17 19 20 23 25
2015022|05 07 12 14 17 18 23 26
2015021|07 09 10 11 13 16 22 23
2015020|03 06 07 11 17 25 29 30
2015019|04 07 08 11 13 24 26 29
2015018|02 04 08 12 14 15 19 28
2015017|02 04 11 19 21 23 26 30
2015016|03 08 09 14 24 27 29 30
2015015|06 08 11 20 22 25 27 30
2015014|01 11 16 19 23 26 27 30
2015013|05 15 20 21 22 24 25 28
2015012|02 05 06 11 12 16 18 23
2015011|01 03 04 06 09 14 19 25
2015010|05 09 15 17 21 26 27 30
2015009|02 04 06 07 11 19 23 30
2015008|03 04 06 11 17 23 25 28
2015007|03 04 05 11 16 17 18 23
2015006|05 07 10 13 18 21 27 28
2015005|03 08 14 18 23 25 28 29
2015004|08 10 12 13 18 20 22 24
2015003|06 07 11 13 17 19 20 30
2015002|02 03 10 18 24 25 27 30
2015001|06 09 12 18 20 21 22 27
2014154|03 08 09 15 19 22 26 28
2014153|06 07 09 15 17 18 20 29
2014152|01 04 08 11 20 25 27 29
2014151|01 03 04 16 17 24 25 30
2014150|05 07 09 10 13 14 20 27
2014149|03 15 18 20 24 25 27 30
2014148|03 07 12 14 16 21 22 24
2014147|05 09 10 15 21 27 28 30
2014146|06 08 10 15 23 24 28 29
2014145|04 09 14 17 26 27 28 29
2014144|03 09 10 16 21 25 27 30
2014143|01 12 16 17 19 20 25 29
2014142|07 12 18 19 20 21 24 26
2014141|04 05 12 15 19 22 24 29
2014140|10 12 19 21 23 24 26 28
2014139|02 04 05 10 21 23 24 25
2014138|06 08 15 17 18 20 21 22
2014137|02 04 05 06 07 11 12 19
2014136|02 07 14 16 19 25 27 29
2014135|05 06 11 16 19 20 22 23
2014134|01 05 12 18 20 21 23 30
2014133|03 04 09 10 11 12 16 22
2014132|03 04 06 09 12 22 25 30
2014131|06 08 10 21 22 23 24 26
2014130|03 06 10 15 17 19 25 29
2014129|02 04 06 08 09 10 11 21
2014128|01 02 03 08 10 24 27 28
2014127|05 07 10 18 19 21 27 28
2014126|02 10 11 18 19 21 25 26
2014125|01 09 15 20 21 22 23 29
2014124|01 05 14 21 23 24 26 28
2014123|06 10 11 14 19 23 24 28
2014122|01 04 06 12 16 17 27 29
2014121|02 08 10 12 21 22 27 29
2014120|02 05 16 17 19 21 25 29
2014119|01 06 07 09 10 15 16 20
2014118|07 12 15 18 21 25 29 30
2014117|05 09 11 12 14 19 22 28
2014116|01 06 08 10 14 19 21 27
2014115|06 11 18 19 20 25 26 27
2014114|02 03 11 16 17 21 23 29
2014113|08 09 11 13 17 23 24 29
2014112|02 03 04 08 12 15 18 27
2014111|03 05 08 16 21 22 29 30
2014110|04 05 10 11 13 18 21 23
2014109|01 03 08 09 15 23 25 28
2014108|01 03 08 13 20 25 28 29
2014107|03 05 07 09 15 18 25 29
2014106|12 15 16 20 22 27 29 30
2014105|01 05 11 12 20 21 22 25
2014104|05 06 09 11 12 13 19 20
2014103|06 10 17 19 21 22 26 28
2014102|01 09 14 15 16 17 18 21
2014101|03 05 09 11 14 15 25 29
2014100|02 09 11 19 20 24 25 26
2014099|04 10 11 17 19 23 25 30
2014098|01 04 11 15 16 22 25 28
2014097|02 04 06 08 14 19 20 26
2014096|08 09 16 19 20 21 23 30
2014095|02 04 05 06 08 16 22 27
2014094|05 06 08 14 17 21 23 25
2014093|02 05 08 09 13 15 18 24
2014092|01 02 03 07 09 21 24 28
2014091|05 06 07 18 20 21 24 28
2014090|06 10 14 16 22 25 29 30
2014089|06 09 12 23 24 25 26 27
2014088|06 11 14 16 18 19 20 30
2014087|09 13 16 18 24 25 28 30
2014086|02 03 04 10 19 21 29 30
2014085|02 05 07 10 19 22 26 28
2014084|06 10 13 17 18 24 25 27
2014083|08 13 14 16 20 21 25 28
2014082|03 05 07 09 10 12 18 27
2014081|01 11 14 16 19 21 24 29
2014080|01 04 07 17 24 26 27 28
2014079|08 09 10 14 16 18 24 25
2014078|02 13 17 20 23 26 27 28
2014077|14 16 17 19 22 25 27 30
2014076|07 09 14 16 22 24 26 28
2014075|02 11 14 17 21 24 25 28
2014074|02 03 06 08 19 20 23 27
2014073|03 05 06 08 09 14 21 23
2014072|01 03 04 08 09 17 19 21
2014071|06 08 11 16 17 18 22 27
2014070|04 11 12 14 22 23 25 27
2014069|01 09 11 17 19 21 22 26
2014068|02 05 09 10 13 15 21 30
2014067|04 06 18 22 23 25 26 27
2014066|03 10 12 16 20 21 27 28
2014065|08 10 11 13 25 27 29 30
2014064|06 07 08 10 14 21 22 26
2014063|02 09 11 12 13 14 27 28
2014062|01 04 14 15 20 27 28 30
2014061|06 08 11 19 20 21 22 26
2014060|01 02 04 11 18 23 25 30
2014059|03 05 14 15 16 25 26 27
2014058|05 09 10 15 20 23 29 30
2014057|05 08 11 13 21 24 27 30
2014056|01 02 07 17 19 22 24 30
2014055|02 03 05 14 16 21 23 30
2014054|03 04 07 18 19 23 25 26
2014053|08 12 17 20 23 24 28 29
2014052|05 13 17 20 21 22 24 26
2014051|04 06 08 10 13 15 21 29
2014050|04 07 12 17 21 22 24 25
2014049|04 05 07 11 12 16 21 29
2014048|01 03 08 16 18 23 27 28
2014047|02 04 11 12 13 18 22 30
2014046|03 08 10 11 14 20 22 28
2014045|03 09 12 13 14 16 21 22
2014044|01 02 08 09 14 17 27 30
2014043|02 03 04 08 11 19 22 23
2014042|03 06 11 13 19 20 23 27
2014041|08 14 15 16 18 19 26 28
2014040|01 09 11 16 19 25 28 30
2014039|04 06 08 16 24 25 28 30
2014038|02 04 05 10 13 14 21 30
2014037|03 04 08 11 21 22 26 28
2014036|03 12 14 17 19 23 24 29
2014035|02 09 13 16 18 25 29 30
2014034|04 08 15 17 18 22 28 29
2014033|04 05 06 09 10 13 18 28
2014032|01 04 12 13 15 25 28 30
2014031|04 07 10 15 17 22 25 29
2014030|03 07 10 19 22 23 26 30
2014029|04 05 06 14 24 25 27 29
2014028|08 12 14 18 19 20 22 29
2014027|01 08 09 10 13 20 26 29
2014026|06 11 13 15 18 19 20 27
2014025|01 02 05 10 12 18 25 28
2014024|09 10 15 18 19 23 26 30
2014023|02 05 06 11 18 24 27 28
2014022|03 07 08 11 12 15 18 22
2014021|01 02 05 07 14 24 25 28
2014020|01 03 09 13 17 19 20 26
2014019|01 04 05 06 17 18 22 28
2014018|01 06 08 12 23 25 27 28
2014017|01 07 11 12 15 24 28 30
2014016|04 06 07 11 12 18 19 30
2014015|02 05 10 15 19 20 23 26
2014014|02 08 15 21 26 27 28 30
2014013|05 06 09 16 18 19 21 30
2014012|06 08 15 19 24 26 27 29
2014011|01 03 10 17 22 25 29 30
2014010|01 07 10 16 19 21 23 27
2014009|01 09 13 17 18 21 22 25
2014008|02 06 10 14 22 23 27 30
2014007|01 02 03 04 07 08 11 16
2014006|06 07 09 10 22 25 26 28
2014005|05 12 13 15 21 24 27 28
2014004|04 07 13 16 19 23 24 27
2014003|03 09 11 14 16 19 24 27
2014002|01 07 11 12 16 18 21 28
2014001|03 04 09 16 18 19 20 27
2013153|02 05 19 20 22 26 28 30
2013152|01 03 04 06 11 14 16 24
2013151|12 16 23 25 27 28 29 30
2013150|03 07 10 13 15 20 25 30
2013149|01 05 07 11 18 22 25 26
2013148|02 13 14 16 20 22 25 28
2013147|03 06 10 12 13 15 24 29
2013146|01 02 06 07 08 11 20 26
2013145|01 02 07 09 15 19 21 28
2013144|04 09 15 17 21 25 28 30
2013143|01 07 11 16 17 18 24 27
2013142|01 02 04 05 21 22 23 25
2013141|03 06 09 11 12 14 16 24
2013140|04 06 07 10 15 23 26 27
2013139|02 05 07 12 15 21 24 27
2013138|05 07 09 13 16 17 26 28
2013137|05 07 12 16 21 27 28 30
2013136|03 05 07 10 14 16 29 30
2013135|01 03 05 07 19 21 22 24
2013134|01 07 08 09 10 24 26 29
2013133|05 07 10 22 23 24 27 30
2013132|09 10 12 16 17 19 23 28
2013131|10 11 12 15 16 24 25 30
2013130|08 09 12 15 16 18 21 28
2013129|04 06 09 11 14 17 27 30
2013128|07 10 14 17 24 27 28 29
2013127|02 07 10 11 22 24 25 27
2013126|04 09 13 17 21 24 25 28
2013125|01 03 04 23 25 27 28 29
2013124|02 07 09 13 14 23 24 28
2013123|02 06 07 09 11 14 18 29
2013122|08 09 10 15 16 20 21 24
2013121|01 03 06 11 13 16 21 28
2013120|01 04 08 09 13 16 19 27
2013119|05 10 11 18 21 26 28 29
2013118|03 10 11 12 16 17 19 30
2013117|02 03 05 12 16 17 19 25
2013116|06 07 10 13 16 23 25 27
2013115|02 06 07 12 13 16 17 22
2013114|05 06 08 09 10 12 24 29
2013113|06 10 13 16 21 25 26 29
2013112|01 03 07 13 24 26 27 29
2013111|01 02 08 18 19 21 26 29
2013110|03 05 08 09 15 16 17 27
2013109|01 03 04 05 12 14 24 28
2013108|01 04 08 12 15 24 25 26
2013107|06 12 13 18 22 23 25 30
2013106|09 17 18 19 25 26 29 30
2013105|02 04 07 08 09 12 21 24
2013104|01 03 07 08 09 12 15 17
2013103|05 07 09 12 13 16 20 21
2013102|02 08 09 13 14 19 25 28
2013101|06 10 17 18 19 21 24 29
2013100|02 07 09 11 12 22 26 29
2013099|01 02 10 12 20 22 26 30
2013098|05 07 08 09 11 14 23 28
2013097|10 11 14 16 18 21 22 23
2013096|09 10 15 16 19 20 24 26
2013095|01 07 08 10 14 26 27 30
2013094|10 12 17 19 20 21 23 30
2013093|05 07 11 14 15 22 25 30
2013092|03 06 07 11 15 17 23 24
2013091|03 04 10 12 15 22 27 29
2013090|01 04 10 12 17 19 23 25
2013089|02 04 08 11 13 23 26 30
2013088|04 05 06 07 17 18 20 24
2013087|02 03 13 17 20 28 29 30
2013086|01 06 07 09 10 22 25 26
2013085|02 04 12 13 17 21 26 28
2013084|02 03 05 08 15 18 26 30
2013083|02 07 08 20 21 25 26 28
2013082|04 10 12 14 18 19 22 28
2013081|04 05 12 16 22 23 27 28
2013080|08 09 13 15 20 22 29 30
2013079|01 02 15 16 17 18 21 22
2013078|13 18 22 24 25 26 29 30
2013077|01 04 05 08 15 24 25 27
2013076|03 04 07 12 19 22 23 28
2013075|01 05 09 14 21 23 25 27
2013074|03 05 06 07 21 25 28 29
2013073|07 08 11 12 17 18 23 28
2013072|07 08 11 16 17 24 27 29
2013071|02 05 07 09 12 19 28 30
2013070|06 09 10 15 20 23 26 29
2013069|04 14 15 20 22 26 27 28
2013068|03 08 09 12 13 14 17 22
2013067|04 09 11 16 18 24 26 28
2013066|02 03 05 12 13 23 26 30
2013065|02 06 08 21 22 24 27 29
2013064|01 07 08 09 12 20 21 25
2013063|04 11 13 14 16 20 21 23
2013062|01 06 08 15 19 25 27 30
2013061|05 10 11 20 21 22 23 24
2013060|01 06 09 14 16 20 25 28
2013059|03 06 07 13 18 23 27 30
2013058|07 09 10 18 20 21 28 30
2013057|01 03 06 08 11 21 25 28
2013056|01 03 07 08 09 15 16 18
2013055|03 08 14 15 16 22 24 25
2013054|07 13 14 17 18 26 27 29
2013053|01 04 05 07 08 10 24 30
2013052|02 03 10 12 20 22 23 27
2013051|01 03 06 07 21 24 25 30
2013050|02 04 06 12 14 18 23 28
2013049|01 03 06 10 12 13 15 20
2013048|01 11 12 17 18 20 21 27
2013047|04 07 13 17 18 19 23 24
2013046|01 07 12 19 21 25 27 29
2013045|03 08 13 18 21 25 27 30
2013044|02 06 09 14 20 21 22 25
2013043|03 04 12 14 15 19 24 26
2013042|06 07 08 09 10 11 12 19
2013041|01 04 06 10 14 25 27 30
2013040|02 03 10 11 12 15 22 24
2013039|02 07 08 09 21 23 25 30
2013038|02 06 07 11 15 16 26 29
2013037|01 07 13 17 21 23 24 30
2013036|01 05 09 12 17 20 23 27
2013035|05 09 12 14 19 21 26 30
2013034|01 04 09 11 15 16 26 30
2013033|04 05 11 18 19 22 26 28
2013032|05 07 15 16 22 25 27 28
2013031|05 06 07 14 16 21 22 23
2013030|01 04 06 12 13 14 20 28
2013029|01 02 08 12 15 20 21 25
2013028|02 03 14 18 24 25 26 30
2013027|01 05 07 10 13 18 23 28
2013026|06 09 12 14 17 20 21 26
2013025|04 07 10 16 19 26 27 29
2013024|09 10 19 20 21 22 28 30
2013023|01 02 10 13 20 24 25 28
2013022|01 03 06 11 13 24 26 28
2013021|04 06 08 12 17 22 25 28
2013020|01 02 07 13 22 23 25 30
2013019|05 14 18 19 20 24 25 27
2013018|05 12 20 21 24 25 26 30
2013017|04 08 09 10 11 14 24 29
2013016|04 05 06 08 14 22 25 30
2013015|01 05 06 09 12 18 19 28
2013014|01 03 12 14 19 25 26 30
2013013|02 04 10 19 20 21 23 26
2013012|03 05 06 08 13 19 22 29
2013011|02 03 07 08 10 16 20 29
2013010|01 02 05 13 14 16 19 26
2013009|01 08 15 18 19 20 26 29
2013008|02 18 19 21 23 25 27 28
2013007|01 02 04 05 06 15 19 26
2013006|01 08 13 16 18 21 25 29
2013005|03 10 11 20 24 25 27 28
2013004|02 07 08 09 14 17 20 25
2013003|04 06 13 16 18 19 24 25
2013002|02 08 15 16 18 19 25 28
2013001|03 07 08 12 13 15 21 22
2012154|01 02 08 18 19 24 26 28
2012153|08 11 15 23 25 26 28 29
2012152|13 14 16 18 20 24 26 30
2012151|02 05 08 11 15 20 21 24
2012150|07 08 09 13 14 17 19 29
2012149|01 02 03 04 09 11 17 20
2012148|04 10 13 18 19 23 28 29
2012147|02 03 10 12 13 27 29 30
2012146|07 10 12 18 24 26 28 30
2012145|01 05 06 08 09 10 15 25
2012144|01 02 03 06 09 11 21 23
2012143|04 12 13 22 24 25 29 30
2012142|04 07 09 14 19 22 23 28
2012141|01 04 08 13 14 24 25 27
2012140|08 12 17 21 23 25 27 29
2012139|04 06 07 16 19 20 24 26
2012138|05 10 12 14 22 23 24 30
2012137|05 09 11 23 24 25 29 30
2012136|01 05 14 15 16 23 27 30
2012135|08 09 10 11 13 15 23 24
2012134|03 07 11 14 19 20 21 29
2012133|03 08 12 16 18 23 24 29
2012132|01 03 05 10 17 18 21 30
2012131|02 10 15 22 25 27 29 30
2012130|06 07 12 13 17 19 22 25
2012129|01 04 09 11 17 18 28 29
2012128|03 05 06 14 19 23 24 28
2012127|06 10 18 19 21 26 28 30
2012126|06 11 18 20 21 22 25 28
2012125|04 07 12 16 18 25 27 29
2012124|01 14 18 24 25 27 28 30
2012123|01 05 13 15 20 23 24 30
2012122|05 11 14 20 22 24 29 30
2012121|01 07 12 14 20 21 26 28
2012120|10 17 18 19 25 28 29 30
2012119|05 08 09 13 16 21 24 26
2012118|02 09 10 17 18 20 21 26
2012117|15 17 19 21 23 26 28 29
2012116|01 14 15 16 19 22 23 25
2012115|02 08 09 10 13 19 22 29
2012114|02 07 08 12 16 25 28 29
2012113|02 12 20 21 22 25 26 28
2012112|05 07 14 19 20 22 23 30
2012111|01 02 04 07 09 10 11 24
2012110|04 07 09 11 17 24 25 27
2012109|04 07 11 12 14 16 18 29
2012108|05 09 14 15 18 22 25 29
2012107|03 04 07 10 16 17 27 28
2012106|01 05 19 22 24 28 29 30
2012105|05 08 11 17 18 20 24 27
2012104|02 03 04 06 08 09 13 24
2012103|01 08 10 16 18 22 29 30
2012102|02 04 08 13 15 18 20 23
2012101|02 04 06 09 14 20 26 30
2012100|01 04 06 11 15 18 22 26
2012099|03 09 15 17 21 23 24 28
2012098|07 08 14 21 23 24 25 27
2012097|07 08 09 15 20 24 25 29
2012096|02 07 10 12 20 23 24 30
2012095|01 04 06 12 13 20 21 23
2012094|04 09 16 18 19 21 22 28
2012093|08 15 16 18 23 25 27 28
2012092|03 06 11 14 19 20 21 28
2012091|06 09 10 12 17 20 22 25
2012090|01 04 07 09 14 19 24 30
2012089|01 02 04 11 17 25 29 30
2012088|05 07 12 13 16 17 26 27
2012087|01 08 09 19 22 27 28 30
2012086|14 15 18 21 23 25 27 29
2012085|01 02 04 09 14 21 24 30
2012084|01 16 21 23 27 28 29 30
2012083|04 05 06 09 12 18 19 21
2012082|06 07 16 18 19 25 27 28
2012081|06 09 12 13 25 26 27 29
2012080|06 08 13 19 22 23 27 29
2012079|06 09 14 16 20 21 23 25
2012078|01 03 07 10 23 27 29 30
2012077|01 04 19 21 22 28 29 30
2012076|02 04 07 08 09 13 24 29
2012075|02 03 06 10 16 17 20 22
2012074|01 02 10 17 19 20 21 30
2012073|04 05 08 16 18 22 25 28
2012072|03 05 06 11 24 25 26 29
2012071|02 04 08 10 14 16 22 28
2012070|01 07 08 16 18 19 20 25
2012069|05 08 13 17 19 25 26 29
2012068|03 04 10 13 17 19 20 28
2012067|04 07 13 23 26 27 28 30
2012066|05 06 11 13 15 21 23 29
2012065|01 10 11 14 16 21 23 29
2012064|02 14 16 18 20 25 26 29
2012063|02 04 12 15 18 20 21 25
2012062|01 04 05 06 12 16 22 23
2012061|02 03 08 16 19 21 22 27
2012060|02 03 05 07 11 22 24 25
2012059|05 06 07 09 19 21 26 30
2012058|01 03 08 10 16 17 22 24
2012057|01 05 06 12 16 18 23 25
2012056|03 15 16 17 18 24 25 27
2012055|01 03 05 10 12 14 15 20
2012054|02 09 16 18 22 24 27 28
2012053|02 11 12 14 20 25 28 29
2012052|01 07 08 11 16 26 29 30
2012051|02 07 11 17 23 24 28 29
2012050|02 04 08 11 20 23 24 26
2012049|01 09 11 14 18 23 25 29
2012048|01 02 04 06 11 12 28 29
2012047|01 02 12 15 21 23 25 26
2012046|03 09 16 21 24 25 27 29
2012045|06 07 08 12 13 19 26 30
2012044|05 07 10 11 15 25 27 30
2012043|06 09 10 15 20 23 28 30
2012042|03 07 11 16 17 20 21 29
2012041|01 03 08 13 15 16 17 24
2012040|04 05 06 09 14 19 24 28
2012039|02 03 06 18 19 22 27 28
2012038|01 03 10 11 13 21 24 27
2012037|01 07 10 18 19 20 26 30
2012036|01 09 13 15 18 20 23 29
2012035|06 07 09 11 14 20 22 27
2012034|03 05 10 12 15 16 23 29
2012033|01 03 05 06 10 14 26 30
2012032|01 03 05 10 14 23 26 27
2012031|13 14 17 20 21 23 26 27
2012030|08 12 13 19 21 23 26 27
2012029|03 04 05 08 14 16 27 30
2012028|04 05 07 09 11 13 24 28
2012027|03 05 06 15 18 22 26 30
2012026|01 02 06 14 16 21 26 27
2012025|06 07 12 13 17 21 27 29
2012024|01 06 07 08 14 18 21 30
2012023|06 12 16 17 19 26 27 30
2012022|04 07 08 10 11 20 24 29
2012021|02 04 07 08 17 18 20 24
2012020|05 10 11 17 18 25 27 28
2012019|02 05 07 10 11 14 19 21
2012018|07 10 11 13 16 18 20 25
2012017|03 04 13 21 23 24 25 30
2012016|01 05 08 10 17 21 28 29
2012015|02 07 08 18 24 25 28 30
2012014|02 04 06 07 17 21 25 28
2012013|03 10 11 18 21 23 27 30
2012012|01 05 11 13 16 20 24 29
2012011|01 05 07 15 21 22 25 28
2012010|01 08 13 15 21 22 25 30
2012009|02 04 10 18 24 26 27 28
2012008|01 05 07 09 13 19 21 23
2012007|01 09 15 16 17 20 27 29
2012006|11 13 15 18 19 20 27 28
2012005|01 06 09 11 15 18 22 27
2012004|05 08 12 13 16 17 19 24
2012003|05 10 14 20 21 22 26 28
2012002|02 05 06 14 19 21 27 30
2012001|02 11 14 16 18 20 29 30
2011153|04 09 12 14 16 17 20 21
2011152|06 07 09 10 18 19 23 27
2011151|01 16 18 19 24 27 29 30
2011150|01 05 08 13 15 16 19 24
2011149|01 06 09 11 15 19 20 29
2011148|01 02 10 20 23 25 28 29
2011147|01 06 09 10 20 22 26 30
2011146|09 13 16 18 21 22 26 30
2011145|12 15 20 23 24 25 29 30
2011144|09 13 19 20 25 27 28 29
2011143|01 07 08 10 14 16 17 18
2011142|03 15 16 19 21 23 24 27
2011141|03 09 12 14 17 25 28 30
2011140|07 08 09 11 13 22 28 30
2011139|01 07 11 13 15 21 25 28
2011138|02 06 13 18 24 28 29 30
2011137|03 06 16 17 20 21 28 29
2011136|06 10 11 15 16 19 25 26
2011135|04 05 07 19 23 24 27 29
2011134|06 08 12 20 21 25 29 30
2011133|04 08 14 15 19 22 25 30
2011132|02 08 11 13 16 22 26 29
2011131|03 07 12 21 26 27 28 29
2011130|01 03 06 13 18 21 23 25
2011129|04 11 13 17 22 28 29 30
2011128|03 04 06 07 09 11 12 19
2011127|06 09 10 13 18 19 20 23
2011126|02 07 08 17 19 21 27 29
2011125|06 11 20 21 23 24 27 30
2011124|02 06 10 12 14 19 20 27
2011123|07 09 11 16 18 20 22 26
2011122|02 06 11 14 16 20 24 27
2011121|05 08 15 21 25 27 28 30
2011120|03 05 06 07 15 20 26 30
2011119|03 08 09 12 19 20 25 26
2011118|06 07 16 18 23 24 27 30
2011117|09 12 14 15 19 22 25 27
2011116|02 03 08 13 15 16 23 25
2011115|02 05 06 12 19 21 29 30
2011114|04 09 10 11 18 21 27 30
2011113|04 07 08 12 15 20 22 27
2011112|02 04 09 10 11 14 22 25
2011111|02 03 06 07 21 24 27 30
2011110|02 06 13 14 16 22 23 30
2011109|02 04 09 20 21 24 27 29
2011108|01 07 11 13 17 23 24 25
2011107|03 04 09 10 13 25 27 30
2011106|03 06 10 16 23 25 27 30
2011105|04 05 10 15 23 24 26 30
2011104|01 03 14 18 20 25 29 30
2011103|01 02 04 11 16 23 27 29
2011102|01 04 07 08 16 17 29 30
2011101|07 11 13 17 18 26 27 30
2011100|04 06 07 13 14 16 18 25
2011099|11 15 16 23 26 27 28 29
2011098|06 07 12 18 19 23 27 30
2011097|10 11 15 16 20 21 27 29
2011096|01 09 13 14 16 22 24 27
2011095|07 10 13 16 18 19 27 29
2011094|05 07 08 12 16 17 28 30
2011093|02 07 08 10 13 14 22 23
2011092|01 02 08 09 14 20 25 28
2011091|06 13 15 20 23 25 27 30
2011090|02 04 06 09 10 17 20 28
2011089|06 12 13 18 24 25 27 28
2011088|03 04 10 12 15 17 24 29
2011087|09 16 18 19 22 24 27 30
2011086|02 05 12 13 18 21 24 27
2011085|01 07 12 15 22 24 27 29
2011084|02 05 08 09 14 16 21 22
2011083|03 06 11 16 17 22 23 25
2011082|09 13 16 17 19 20 21 29
2011081|04 05 06 07 12 15 16 25
2011080|02 03 05 11 18 21 22 29
2011079|05 14 16 19 20 26 27 28
2011078|05 07 15 17 20 21 23 26
2011077|06 13 14 15 23 24 25 27
2011076|01 02 05 10 18 24 25 29
2011075|06 09 12 19 20 21 25 27
2011074|01 03 04 16 17 18 20 25
2011073|04 05 08 14 21 23 24 27
2011072|02 03 06 13 14 15 21 26
2011071|04 13 14 19 23 24 25 27
2011070|01 05 11 12 14 19 20 28
2011069|02 05 07 09 16 17 21 25
2011068|03 09 13 14 17 22 23 24
2011067|04 05 13 15 16 22 24 28
2011066|02 06 07 08 12 15 20 25
2011065|03 11 20 21 23 24 25 26
2011064|09 15 19 20 21 24 26 30
2011063|01 05 15 16 17 18 26 28
2011062|12 14 15 16 18 20 21 27
2011061|05 08 10 12 15 18 25 30
2011060|01 03 04 07 08 09 19 25
2011059|05 11 17 20 21 22 25 30
2011058|01 02 04 08 14 19 22 25
2011057|02 03 05 16 17 19 20 23
2011056|05 14 17 18 20 21 24 27
2011055|03 06 07 10 14 16 18 21
2011054|02 09 10 11 12 17 21 27
2011053|02 10 11 13 18 26 27 30
2011052|01 04 06 17 19 24 25 29
2011051|05 06 09 13 17 21 22 26
2011050|09 14 15 18 23 26 27 29
2011049|05 09 11 12 15 17 23 29
2011048|02 03 10 12 15 21 23 28
2011047|05 09 11 16 18 19 26 29
2011046|09 13 14 16 18 20 26 27
2011045|01 05 06 09 12 17 20 21
2011044|11 12 14 16 23 25 27 29
2011043|01 09 12 13 20 24 27 29
2011042|07 09 10 12 14 18 21 25
2011041|02 05 08 10 13 18 19 21
2011040|06 08 10 11 12 15 27 30
2011039|01 02 06 12 13 19 21 30
2011038|01 09 15 16 17 26 29 30
2011037|01 02 10 14 16 18 20 25
2011036|02 04 05 08 12 14 19 25
2011035|01 05 11 21 25 28 29 30
2011034|02 03 09 13 14 18 26 29
2011033|04 08 18 20 27 28 29 30
2011032|14 16 17 19 21 24 25 29
2011031|03 04 10 12 13 21 24 26
2011030|01 02 08 12 14 20 21 28
2011029|04 10 15 17 20 25 26 28
2011028|03 04 07 11 17 19 20 28
2011027|02 05 09 13 21 25 26 29
2011026|02 04 05 06 08 14 21 24
2011025|04 07 09 11 14 16 21 28
2011024|02 03 05 06 07 12 22 30
2011023|03 11 15 16 20 22 25 28
2011022|01 04 05 06 20 23 27 29
2011021|03 11 15 21 22 23 27 30
2011020|02 04 05 10 13 20 26 29
2011019|01 03 05 06 14 16 21 29
2011018|03 13 16 17 19 22 24 29
2011017|04 08 11 12 14 26 27 28
2011016|02 04 12 20 21 25 28 29
2011015|01 02 06 07 09 17 18 19
2011014|02 04 07 09 12 17 21 29
2011013|03 07 11 12 13 20 21 27
2011012|06 09 11 15 18 23 27 29
2011011|10 13 15 18 22 25 26 27
2011010|01 05 06 17 22 25 26 28
2011009|04 06 09 12 13 15 18 27
2011008|01 03 06 08 09 10 13 29
2011007|01 06 15 16 17 22 25 26
2011006|02 10 15 16 20 22 24 25
2011005|01 07 08 09 12 19 21 29
2011004|04 10 12 13 14 19 20 30
2011003|07 08 13 20 21 22 25 30
2011002|04 09 14 18 20 24 25 26
2011001|01 13 16 17 19 21 26 27
2010154|03 04 07 16 20 25 26 27
2010153|04 05 11 19 20 23 26 27
2010152|06 07 11 12 14 21 24 28
2010151|02 07 08 10 13 15 23 24
2010150|09 15 19 22 25 26 27 29
2010149|01 02 13 18 27 28 29 30
2010148|01 03 06 10 11 13 19 29
2010147|01 05 19 20 26 27 28 30
2010146|06 07 15 24 26 27 29 30
2010145|01 09 17 18 23 26 28 30
2010144|02 04 08 10 13 20 23 24
2010143|03 06 07 08 14 21 29 30
2010142|01 16 17 19 20 26 27 29
2010141|03 11 16 21 24 25 26 27
2010140|06 07 08 12 18 19 21 22
2010139|01 05 07 08 10 14 27 30
2010138|01 06 08 13 16 22 23 28
2010137|03 07 09 15 16 18 20 24
2010136|02 06 12 13 17 22 23 27
2010135|01 09 10 14 18 21 23 24
2010134|07 15 16 20 24 26 29 30
2010133|01 02 03 10 14 18 27 30
2010132|04 05 10 12 16 24 29 30
2010131|05 09 11 18 21 23 27 30
2010130|03 08 09 15 17 22 25 26
2010129|01 06 07 08 13 14 20 25
2010128|01 07 11 14 16 18 23 25
2010127|11 12 16 25 26 28 29 30
2010126|05 12 14 15 16 21 23 27
2010125|04 06 08 12 16 25 27 30
2010124|02 05 09 10 13 15 21 27
2010123|01 05 11 12 15 16 27 29
2010122|03 06 07 12 18 21 23 25
2010121|04 06 14 18 20 21 24 25
2010120|04 05 11 19 23 24 25 27
2010119|01 09 10 13 19 22 28 29
2010118|01 03 05 08 12 15 22 29
2010117|08 10 13 16 18 19 25 27
2010116|01 02 05 17 21 22 25 27
2010115|03 11 15 19 21 24 26 30
2010114|01 10 12 13 19 23 27 29
2010113|02 03 13 15 17 19 26 27
2010112|04 14 18 19 20 23 24 29
2010111|02 03 10 18 22 24 27 29
2010110|02 06 19 23 26 28 29 30
2010109|04 08 10 14 20 23 24 30
2010108|04 08 12 17 18 20 21 26
2010107|01 04 06 15 21 25 28 29
2010106|02 09 11 17 23 24 25 27
2010105|03 09 10 11 12 13 20 30
2010104|04 05 06 13 15 20 23 24
2010103|02 05 11 12 20 22 24 29
2010102|01 02 07 08 10 22 24 27
2010101|01 07 11 13 18 20 24 28
2010100|01 02 05 12 16 22 26 29
2010099|02 03 07 09 10 13 23 26
2010098|01 08 13 14 21 22 25 29
2010097|03 12 13 15 19 22 26 30
2010096|05 08 11 13 17 22 25 30
2010095|01 03 05 10 14 20 23 24
2010094|02 07 10 13 25 27 28 30
2010093|08 10 11 16 21 26 27 29
2010092|11 12 14 19 24 25 27 28
2010091|02 04 07 12 22 26 27 29
2010090|01 04 10 13 17 20 23 27
2010089|03 16 17 21 24 26 27 30
2010088|04 05 09 11 12 21 22 28
2010087|01 04 05 10 13 20 22 27
2010086|02 03 04 07 08 15 18 26
2010085|02 08 17 19 20 22 28 29
2010084|01 05 06 10 13 14 15 22
2010083|01 07 08 11 12 14 29 30
2010082|03 07 11 14 17 24 25 26
2010081|02 06 13 15 17 18 26 30
2010080|06 14 19 23 24 26 27 29
2010079|03 05 06 15 16 18 20 21
2010078|02 05 10 11 21 22 27 30
2010077|01 03 05 06 17 21 23 30
2010076|04 06 11 12 14 16 18 26
2010075|01 06 11 12 16 24 27 30
2010074|03 04 10 11 13 17 27 30
2010073|06 08 09 13 19 22 26 27
2010072|02 14 15 16 21 24 25 26
2010071|09 12 14 21 26 28 29 30
2010070|07 12 15 17 22 25 26 30
2010069|01 06 10 12 13 16 24 27
2010068|03 04 10 12 13 19 26 29
2010067|01 02 10 11 13 17 22 26
2010066|02 05 11 12 20 25 26 29
2010065|02 08 12 14 25 26 27 30
2010064|04 06 09 10 12 23 24 25
2010063|02 04 05 06 11 21 26 27
2010062|01 05 10 21 22 25 26 28
2010061|03 09 12 15 20 23 27 28
2010060|01 09 14 15 17 18 27 28
2010059|06 08 09 11 14 17 25 29
2010058|01 05 07 09 18 20 26 29
2010057|06 09 13 18 21 25 26 27
2010056|06 09 11 12 15 22 23 30
2010055|01 02 05 07 13 15 24 29
2010054|01 03 05 08 20 22 23 30
2010053|02 08 09 14 18 25 26 27
2010052|02 05 08 09 11 12 15 28
2010051|05 10 12 13 19 20 21 29
2010050|01 07 08 10 15 21 28 29
2010049|03 10 14 17 21 23 29 30
2010048|01 04 11 18 22 23 27 29
2010047|09 10 13 14 16 20 29 30
2010046|03 09 12 13 15 26 27 29
2010045|04 07 11 14 16 22 26 27
2010044|01 02 04 12 17 21 25 28
2010043|02 04 07 10 14 15 23 30
2010042|03 04 11 18 22 23 27 28
2010041|06 08 10 11 14 18 27 29
2010040|02 07 13 14 16 18 20 29
2010039|01 04 06 10 12 19 22 28
2010038|11 12 16 20 21 24 28 30
2010037|01 03 06 10 15 26 27 29
2010036|07 12 14 17 18 20 22 27
2010035|01 02 07 11 22 23 27 29
2010034|01 04 06 07 09 12 19 29
2010033|02 03 08 13 16 17 24 25
2010032|08 12 19 22 24 25 28 30
2010031|04 06 09 10 15 19 20 25
2010030|02 04 06 12 21 22 25 29
2010029|06 12 13 15 18 23 27 30
2010028|01 05 10 13 16 17 23 29
2010027|01 04 09 15 25 26 28 29
2010026|06 08 11 12 14 16 20 30
2010025|01 04 05 14 15 17 22 23
2010024|03 05 06 15 18 20 23 25
2010023|02 11 13 16 17 19 20 23
2010022|08 09 10 17 19 20 22 28
2010021|01 03 04 05 09 12 16 22
2010020|03 05 08 14 15 17 21 22
2010019|01 03 08 12 13 14 17 22
2010018|05 10 11 12 20 26 28 30
2010017|01 03 04 06 10 18 27 30
2010016|02 15 18 19 24 25 26 27
2010015|06 07 10 12 15 18 26 30
2010014|06 07 10 17 18 21 24 28
2010013|02 06 09 13 18 19 23 24
2010012|01 11 17 18 20 23 26 29
2010011|02 06 09 14 21 23 26 27
2010010|02 06 10 11 19 21 25 30
2010009|02 06 07 08 10 12 20 25
2010008|04 05 10 14 18 19 21 22
2010007|10 11 12 19 20 22 24 28
2010006|03 05 06 10 13 20 22 24
2010005|04 06 08 13 16 17 22 27
2010004|02 05 08 14 20 21 23 28
2010003|04 05 07 13 16 22 24 26
2010002|02 05 07 11 15 16 23 25
2010001|02 04 10 11 15 16 20 27
2009153|01 05 07 11 12 13 21 22
2009152|08 10 11 17 20 21 26 28
2009151|05 06 12 15 20 24 25 27
2009150|01 10 11 12 14 16 20 21
2009149|05 09 10 17 18 25 29 30
2009148|02 05 07 08 09 10 12 16
2009147|07 08 11 18 20 25 26 30
2009146|03 04 06 12 15 17 21 29
2009145|05 10 12 14 19 20 28 30
2009144|02 03 04 06 15 19 23 25
2009143|04 07 08 09 11 18 22 26
2009142|06 07 08 10 18 19 22 26
2009141|06 10 11 13 17 22 29 30
2009140|01 07 10 14 17 18 19 20
2009139|01 02 03 10 16 19 26 29
2009138|05 09 13 15 17 22 24 30
2009137|03 05 11 15 18 19 27 30
2009136|02 04 05 17 21 22 24 25
2009135|01 06 09 24 25 27 29 30
2009134|02 07 09 13 19 25 26 30
2009133|02 04 06 07 20 22 23 29
2009132|02 08 11 13 18 22 23 26
2009131|07 08 13 18 21 25 26 27
2009130|02 14 17 18 19 23 25 30
2009129|01 05 06 10 21 23 27 28
2009128|01 08 09 10 12 18 23 25
2009127|03 04 15 18 24 28 29 30
2009126|06 07 14 15 18 23 29 30
2009125|04 07 08 17 19 22 24 26
2009124|03 10 11 15 20 26 28 29
2009123|04 06 09 16 21 25 26 30
2009122|03 04 05 08 10 15 20 27
2009121|06 11 14 16 17 21 26 28
2009120|01 04 06 07 10 16 19 28
2009119|01 03 05 09 10 12 20 24
2009118|06 12 16 18 20 21 23 29
2009117|01 03 06 12 15 21 22 29
2009116|04 06 08 16 20 21 25 27
2009115|01 02 03 06 14 23 29 30
2009114|01 10 12 14 26 28 29 30
2009113|05 08 13 14 20 22 26 28
2009112|02 07 10 11 14 17 25 27
2009111|04 06 09 11 12 19 22 26
2009110|08 11 12 16 18 24 26 29
2009109|02 15 16 19 21 23 26 29
2009108|06 07 11 13 15 17 20 26
2009107|02 04 05 13 19 22 23 28
2009106|02 09 11 15 21 23 27 28
2009105|03 08 12 19 21 24 28 29
2009104|02 07 14 15 21 25 27 29
2009103|01 06 15 19 20 23 24 29
2009102|04 08 09 12 14 15 17 21
2009101|01 07 09 15 21 23 25 27
2009100|01 10 14 16 19 23 25 26
2009099|03 04 05 06 07 26 27 28
2009098|04 05 10 12 17 19 24 29
2009097|09 11 13 16 18 20 28 30
2009096|01 02 07 08 10 12 19 30
2009095|07 10 12 13 16 18 22 27
2009094|04 07 14 18 22 23 25 30
2009093|04 05 15 18 20 23 26 27
2009092|01 04 05 12 17 19 23 24
2009091|05 12 14 15 21 24 25 26
2009090|01 06 12 13 23 24 27 28
2009089|01 02 06 08 13 17 19 22
2009088|01 03 07 08 12 16 20 23
2009087|04 05 11 12 15 18 24 26
2009086|04 08 10 12 16 24 25 30
2009085|03 05 09 11 14 18 21 23
2009084|01 04 08 13 14 18 26 28
2009083|05 08 12 16 17 23 24 25
2009082|01 06 07 08 10 21 22 26
2009081|01 04 08 12 13 19 24 25
2009080|10 11 13 14 19 23 25 26
2009079|01 05 12 15 17 19 28 29
2009078|10 12 13 18 23 25 26 29
2009077|03 05 09 18 20 21 23 29
2009076|03 08 11 18 19 21 25 30
2009075|01 02 07 08 09 11 12 30
2009074|08 09 11 13 16 18 20 29
2009073|02 10 11 14 17 19 24 28
2009072|04 06 10 14 15 23 25 30
2009071|03 06 09 19 20 21 24 25
2009070|13 14 17 21 22 24 29 30
2009069|01 02 04 07 12 18 19 25
2009068|01 06 09 10 13 20 24 30
2009067|03 06 10 13 20 25 26 29
2009066|01 02 03 07 14 19 20 27
2009065|08 09 12 19 20 25 28 29
2009064|01 06 08 13 14 18 20 29
2009063|04 08 12 13 16 18 20 26
2009062|02 05 09 10 17 24 25 29
2009061|01 04 08 16 17 19 27 29
2009060|02 07 08 12 18 20 23 27
2009059|07 16 18 19 21 26 29 30
2009058|06 10 11 12 18 20 22 24
2009057|03 09 13 17 22 24 26 28
2009056|01 05 06 07 13 18 24 29
2009055|02 08 15 16 17 23 25 30
2009054|05 07 10 14 18 19 21 30
2009053|03 04 08 10 15 16 23 28
2009052|03 06 16 17 19 26 29 30
2009051|03 04 08 10 18 22 26 29
2009050|04 05 07 10 19 20 27 28
2009049|02 03 05 13 16 17 22 27
2009048|02 04 13 16 21 25 29 30
2009047|04 05 08 15 16 21 26 30
2009046|11 14 15 18 19 20 25 28
2009045|11 12 16 17 19 20 21 28
2009044|03 08 12 14 16 17 20 25
2009043|02 18 19 20 21 22 25 26
2009042|01 08 10 16 18 19 24 29
2009041|03 04 06 09 15 23 25 27
2009040|04 05 06 07 13 16 18 21
2009039|02 19 20 21 22 27 29 30
2009038|08 10 12 21 22 28 29 30
2009037|02 03 06 10 14 17 20 30
2009036|05 06 12 13 23 24 25 27
2009035|01 02 07 12 21 22 24 28
2009034|06 12 15 20 24 26 27 29
2009033|05 08 13 14 22 24 26 28
2009032|02 03 04 06 16 20 27 29
2009031|06 08 10 24 25 27 28 30
2009030|06 07 19 20 21 25 29 30
2009029|01 05 09 10 14 17 19 28
2009028|01 02 05 08 09 11 18 20
2009027|04 11 13 18 19 23 24 25
2009026|01 07 11 12 18 21 22 26
2009025|05 09 19 20 21 27 29 30
2009024|02 04 06 09 15 22 25 29
2009023|01 02 09 10 13 15 21 29
2009022|02 12 14 18 24 25 29 30
2009021|01 13 15 22 23 24 28 29
2009020|07 14 17 18 19 21 24 28
2009019|01 02 05 13 15 21 22 24
2009018|02 04 13 15 16 17 21 27
2009017|12 15 18 21 24 26 27 30
2009016|01 05 11 15 17 20 23 29
2009015|09 13 14 16 22 26 27 28
2009014|06 07 10 12 21 22 23 28
2009013|06 08 12 15 20 22 28 29
2009012|01 02 06 07 10 17 24 29
2009011|01 03 04 17 18 20 23 30
2009010|09 11 12 21 23 24 26 28
2009009|05 06 08 10 19 22 24 28
2009008|01 02 04 13 15 20 22 23
2009007|03 05 06 11 12 19 20 25
2009006|04 08 09 11 16 20 25 26
2009005|01 06 08 13 18 22 28 29
2009004|06 10 12 16 18 21 24 26
2009003|01 09 10 12 15 17 19 21
2009002|10 11 14 15 20 23 25 29
2009001|02 03 04 08 14 15 23 26
2008154|03 05 06 07 11 20 26 27
2008153|02 09 13 16 20 25 26 29
2008152|06 08 12 14 17 19 28 29
2008151|02 05 10 15 18 21 27 28
2008150|01 03 04 10 14 15 17 29
2008149|03 05 06 08 14 16 28 30
2008148|02 05 06 09 19 20 26 27
2008147|01 02 10 13 15 18 20 28
2008146|01 04 06 08 18 22 24 26
2008145|01 03 04 10 17 18 19 23
2008144|05 07 12 14 18 19 22 29
2008143|03 06 08 17 22 24 25 29
2008142|05 07 12 17 18 25 26 28
2008141|03 10 12 13 15 17 21 30
2008140|02 03 15 16 20 22 25 26
2008139|01 04 06 15 19 20 26 29
2008138|02 03 06 07 11 13 15 26
2008137|03 05 07 10 22 23 24 27
2008136|01 09 10 22 23 24 25 28
2008135|02 10 11 14 21 23 25 30
2008134|01 08 09 10 14 18 19 27
2008133|06 07 08 10 11 20 21 25
2008132|08 12 17 19 20 26 29 30
2008131|08 09 12 15 17 18 23 26
2008130|08 10 15 18 19 23 29 30
2008129|05 06 07 11 13 17 18 24
2008128|02 07 08 09 10 16 28 30
2008127|03 04 05 10 17 19 22 30
2008126|01 10 14 16 17 19 21 26
2008125|02 05 10 12 13 18 20 25
2008124|02 03 04 07 10 11 23 26
2008123|04 07 10 11 15 22 26 27
2008122|06 07 10 11 15 16 22 27
2008121|02 05 12 13 16 20 24 29
2008120|05 10 13 16 17 19 25 28
2008119|05 06 12 14 15 17 25 27
2008118|01 05 14 22 23 24 26 27
2008117|02 13 15 19 20 21 26 29
2008116|07 11 14 19 20 21 22 27
2008115|02 08 10 18 19 23 25 26
2008114|01 08 09 13 17 23 28 29
2008113|02 03 05 06 13 20 23 26
2008112|03 09 18 20 24 25 26 28
2008111|06 07 08 09 18 24 26 30
2008110|04 05 11 12 14 15 16 23
2008109|02 10 13 15 18 23 25 30
2008108|06 10 13 16 18 24 29 30
2008107|03 09 11 15 16 19 20 26
2008106|01 02 12 14 17 19 24 28
2008105|02 03 11 13 19 23 24 26
2008104|03 04 17 22 23 24 28 29
2008103|07 09 10 12 14 15 28 29
2008102|01 10 11 18 23 26 27 30
2008101|01 03 09 10 12 21 25 29
2008100|12 14 15 18 19 24 26 29
2008099|03 10 13 14 19 21 24 25
2008098|02 04 06 11 13 22 26 28
2008097|02 08 13 14 16 21 22 28
2008096|09 10 16 18 25 26 27 28
2008095|01 05 09 11 20 22 28 29
2008094|01 03 09 13 18 26 28 29
2008093|09 14 16 17 18 20 22 23
2008092|03 06 10 12 16 17 22 29
2008091|01 06 08 10 11 20 24 27
2008090|08 10 11 12 15 16 19 28
2008089|02 03 04 05 11 19 21 27
2008088|02 04 10 12 14 17 21 22
2008087|10 11 15 17 24 25 28 30
2008086|04 07 10 14 16 21 23 25
2008085|09 11 14 18 19 24 25 30
2008084|12 15 18 22 23 27 29 30
2008083|01 16 17 21 23 28 29 30
2008082|05 10 13 16 17 25 28 29
2008081|07 10 11 14 20 23 24 25
2008080|01 02 04 09 15 18 19 29
2008079|04 05 08 12 14 23 26 27
2008078|15 16 19 20 23 24 26 29
2008077|03 05 10 14 20 24 25 30
2008076|02 15 17 18 19 21 22 27
2008075|02 08 09 14 15 22 24 27
2008074|02 05 06 19 22 24 25 29
2008073|04 06 07 08 14 18 20 29
2008072|04 07 08 10 16 17 19 21
2008071|12 14 18 19 22 23 25 26
2008070|15 17 18 25 26 28 29 30
2008069|01 02 04 07 13 22 23 28
2008068|09 10 13 16 17 18 22 30
2008067|06 07 09 15 16 18 21 24
2008066|05 06 12 14 23 24 25 27
2008065|07 13 16 20 22 23 24 29
2008064|01 15 16 17 23 25 26 30
2008063|01 09 10 18 22 24 25 26
2008062|02 14 17 19 25 26 27 28
2008061|02 11 15 16 17 22 23 27
2008060|06 08 09 11 12 18 22 23
2008059|01 14 16 20 26 28 29 30
2008058|03 11 12 15 18 20 21 27
2008057|08 12 13 17 21 22 25 28
2008056|01 04 15 19 23 27 28 30
2008055|07 08 14 15 21 26 27 30
2008054|01 02 09 15 17 21 26 28
2008053|06 08 09 11 14 18 25 26
2008052|05 08 16 21 25 26 28 30
2008051|02 03 07 12 14 15 16 19
2008050|06 11 14 20 21 22 23 24
2008049|01 04 05 06 14 21 28 29
2008048|02 04 08 13 14 16 22 24
2008047|02 07 08 09 14 16 17 25
2008046|03 05 06 15 18 20 21 23
2008045|01 02 10 12 15 18 28 30
2008044|02 05 07 09 15 17 18 26
2008043|01 04 09 14 17 24 27 28
2008042|03 06 09 15 20 21 23 29
2008041|01 06 07 10 17 18 22 23
2008040|05 06 08 13 20 24 25 30
2008039|04 05 06 11 18 20 21 28
2008038|02 05 06 18 22 23 24 29
2008037|03 14 16 21 22 23 25 27
2008036|03 06 07 10 13 17 22 26
2008035|05 08 11 14 15 26 28 30
2008034|03 05 06 09 12 15 22 27
2008033|04 05 09 12 18 20 24 30
2008032|02 04 08 10 12 16 28 29
2008031|02 04 07 08 17 22 23 26
2008030|04 05 08 11 12 22 25 26
2008029|03 06 08 09 11 23 28 30
2008028|07 12 13 15 17 21 22 25
2008027|06 07 08 12 17 18 22 28
2008026|05 07 10 21 23 24 25 27
2008025|03 06 09 10 12 15 29 30
2008024|02 04 10 14 18 20 25 28
2008023|01 02 03 07 08 13 29 30
2008022|02 04 16 20 22 24 25 27
2008021|01 11 12 13 14 18 25 27
2008020|05 10 13 19 20 26 27 28
2008019|01 05 06 13 14 16 21 22
2008018|02 04 08 16 21 24 29 30
2008017|06 10 14 17 18 21 24 25
2008016|03 09 12 15 20 21 24 28
2008015|01 06 08 10 12 16 17 18
2008014|06 09 14 15 20 23 24 25
2008013|11 15 16 20 25 27 28 29
2008012|01 06 07 08 19 22 23 28
2008011|03 09 15 17 20 24 26 27
2008010|01 02 11 14 17 21 23 27
2008009|03 06 10 20 22 24 28 30
2008008|01 05 06 12 14 20 23 28
2008007|02 05 10 11 17 18 20 25
2008006|03 12 14 18 19 20 28 29
2008005|01 06 09 12 13 14 23 30
2008004|01 06 08 12 15 23 25 28
2008003|04 06 07 08 12 22 28 29
2008002|06 10 16 17 18 19 24 25
2008001|01 02 04 05 07 12 14 16
2007153|02 08 13 19 20 27 29 30
2007152|07 10 15 18 20 22 23 24
2007151|05 08 11 12 19 24 26 28
2007150|04 09 11 13 15 21 23 24
2007149|02 13 15 16 19 23 26 27
2007148|01 02 05 13 18 22 27 29
2007147|02 07 09 10 13 16 20 28
2007146|07 10 12 20 22 27 29 30
2007145|01 03 11 12 15 18 21 24
2007144|04 05 07 14 16 24 26 30
2007143|05 10 15 16 17 18 21 27
2007142|01 04 06 08 14 16 20 25
2007141|01 02 07 12 14 21 22 24
2007140|01 07 08 12 19 20 23 28
2007139|03 06 11 14 16 19 28 30
2007138|01 12 13 16 17 18 20 28
2007137|03 08 13 14 17 19 23 26
2007136|01 13 14 17 21 22 25 27
2007135|02 05 09 10 16 17 24 27
2007134|01 05 09 15 21 24 25 29
2007133|09 15 20 21 22 23 24 29
2007132|06 09 10 11 12 19 21 30
2007131|02 04 06 10 13 20 22 26
2007130|04 06 08 14 18 19 24 28
2007129|02 10 12 18 23 28 29 30
2007128|03 04 15 18 21 22 23 28
2007127|05 08 09 17 19 23 24 28
2007126|04 05 07 09 10 11 17 27
2007125|05 06 11 13 21 23 27 29
2007124|01 04 17 18 19 21 28 29
2007123|01 05 20 21 25 27 28 29
2007122|11 16 17 19 21 22 23 25
2007121|01 02 07 11 18 22 24 27
2007120|02 05 07 08 11 22 23 26
2007119|05 08 10 15 21 22 25 26
2007118|02 04 09 12 19 20 22 29
2007117|02 07 09 11 16 17 20 21
2007116|05 06 08 14 18 26 29 30
2007115|01 05 07 18 19 20 23 27
2007114|05 06 16 20 25 27 28 30
2007113|05 08 10 11 13 24 25 29
2007112|02 03 11 13 17 20 27 28
2007111|11 12 16 18 23 28 29 30
2007110|01 10 13 16 18 20 24 30
2007109|02 03 07 12 21 23 27 28
2007108|06 08 17 18 20 23 24 25
2007107|08 09 10 14 15 17 22 29
2007106|02 05 07 12 18 22 24 26
2007105|02 09 13 15 21 26 27 30
2007104|05 09 11 14 17 18 23 30
2007103|06 07 08 09 16 18 21 23
2007102|04 06 10 14 15 20 22 26
2007101|03 04 06 07 09 10 12 21
2007100|08 09 10 14 15 19 24 27
2007099|05 06 16 17 18 21 23 26
2007098|01 13 18 19 24 26 28 30
2007097|03 04 05 07 16 20 23 25
2007096|04 07 08 09 12 14 25 30
2007095|02 14 15 18 22 24 26 27
2007094|02 04 07 09 10 12 13 15
2007093|09 10 15 18 19 22 23 30
2007092|09 10 11 12 14 15 16 18
2007091|08 09 11 13 15 19 25 28
2007090|01 05 10 12 19 21 24 29
2007089|01 13 15 20 23 25 26 29
2007088|03 04 05 10 13 26 27 28
2007087|01 03 10 19 21 25 27 29
2007086|05 06 07 11 20 23 25 27
2007085|02 07 15 20 22 23 25 30
2007084|03 04 05 07 08 11 12 26
2007083|04 05 07 11 14 18 21 25
2007082|02 09 11 13 14 16 21 27
2007081|06 07 08 09 11 13 15 23
2007080|01 04 08 09 12 15 16 18
2007079|04 07 08 10 21 23 25 26
2007078|01 03 07 14 17 18 21 24
2007077|01 02 09 13 17 18 28 30
2007076|04 08 14 15 19 20 25 29
2007075|01 04 06 19 21 24 25 27
2007074|01 02 08 09 16 17 24 27
2007073|03 04 06 07 11 18 24 26
2007072|01 03 05 24 26 27 28 30
2007071|06 07 09 13 20 21 28 29
2007070|01 02 07 09 10 11 17 24
2007069|09 10 11 16 24 25 27 30
2007068|03 05 12 19 22 23 26 28
2007067|03 06 08 10 11 13 16 17
2007066|02 05 15 20 24 27 28 29
2007065|02 04 09 17 18 20 21 24
2007064|02 03 05 07 09 11 12 24
2007063|04 11 16 17 20 23 25 29
2007062|06 07 08 15 16 17 22 25
2007061|12 13 14 17 19 22 25 28
2007060|09 15 21 22 23 25 29 30
2007059|02 06 07 08 14 16 18 23
2007058|01 04 06 08 14 16 22 25
2007057|07 08 09 10 13 21 23 28
2007056|01 05 08 10 21 24 26 27
2007055|01 02 09 10 15 20 28 30
2007054|06 08 09 12 13 14 22 24
2007053|02 05 07 10 12 13 25 28
2007052|02 04 07 08 11 16 18 26
2007051|01 07 10 14 15 18 26 29
2007050|04 11 18 19 21 26 29 30
2007049|05 06 08 11 16 18 21 29
2007048|08 11 15 17 18 20 22 28
2007047|01 05 06 10 18 21 23 25
2007046|04 07 14 15 17 19 25 29
2007045|01 09 15 18 19 21 25 28
2007044|01 04 05 17 22 23 27 29
2007043|03 05 06 09 11 13 23 27
2007042|06 08 12 15 18 23 25 27
2007041|04 09 10 11 17 20 21 26
2007040|01 06 07 08 12 19 24 28
2007039|11 13 15 18 19 22 27 29
2007038|01 09 13 15 21 24 25 29
2007037|06 09 11 12 13 16 27 29
2007036|03 08 10 14 15 17 22 29
2007035|03 07 10 14 15 17 26 27
2007034|01 13 15 17 22 25 28 30
2007033|04 11 15 17 18 20 27 28
2007032|02 13 15 19 20 21 26 27
2007031|05 06 14 16 20 24 25 30
2007030|02 03 11 13 15 21 24 28
2007029|01 06 13 19 20 22 23 29
2007028|01 02 06 07 20 24 27 30
2007027|08 09 17 18 19 24 25 29
2007026|01 06 10 13 17 22 26 29
2007025|04 09 11 14 16 17 21 30
2007024|01 04 09 16 18 20 23 26
2007023|01 05 07 16 17 19 20 24
2007022|01 03 09 11 13 17 21 24
2007021|01 02 03 12 15 22 23 24
2007020|01 02 04 05 12 15 16 23
2007019|04 07 10 11 17 22 24 30
2007018|03 10 11 17 19 20 26 27
2007017|03 04 05 07 13 22 25 27
2007016|03 07 09 15 19 21 22 28
2007015|01 02 05 11 14 16 21 23
2007014|02 04 09 10 15 18 25 26
2007013|04 08 12 16 19 20 24 28
2007012|12 14 17 19 21 22 29 30
2007011|11 16 17 20 21 27 28 30
2007010|04 05 18 19 22 25 26 28
2007009|01 04 12 19 21 22 23 25
2007008|03 04 06 19 23 25 26 30
2007007|02 03 11 12 15 19 24 28
2007006|01 04 12 14 18 22 25 26
2007005|01 03 08 13 18 25 27 29
2007004|01 02 03 04 08 15 23 28
2007003|06 08 10 11 21 25 28 29
2007002|01 02 06 11 14 19 24 27
2007001|04 11 14 19 22 26 29 30
2006154|03 04 10 12 19 20 28 30
2006153|07 08 09 12 19 21 25 27
2006152|02 05 06 12 13 17 23 30
2006151|02 04 10 12 19 23 25 27
2006150|02 04 06 13 16 20 24 30
2006149|04 05 08 10 11 15 26 27
2006148|03 07 12 17 19 26 28 30
2006147|04 05 06 08 12 13 27 28
2006146|01 11 14 15 22 23 26 30
2006145|01 02 03 13 17 21 23 29
2006144|04 07 09 16 17 22 24 26
2006143|05 11 14 15 24 25 29 30
2006142|01 04 05 06 16 24 25 27
2006141|02 05 12 16 20 24 28 30
2006140|02 11 13 14 17 18 19 28
2006139|02 04 10 11 14 21 27 28
2006138|02 04 12 14 15 18 19 30
2006137|02 04 06 12 16 18 19 29
2006136|03 07 17 19 20 22 26 30
2006135|02 06 07 13 19 20 26 30
2006134|05 08 09 11 23 27 28 30
2006133|01 03 08 12 16 18 22 23
2006132|01 02 03 15 17 23 27 28
2006131|01 03 06 07 09 12 17 27
2006130|01 06 10 22 23 24 26 29
2006129|08 10 15 17 20 21 27 28
2006128|05 06 09 11 12 14 22 30
2006127|07 10 20 22 24 27 29 30
2006126|03 04 07 14 15 18 23 26
2006125|01 04 11 12 17 18 28 30
2006124|07 08 10 11 13 15 19 26
2006123|01 02 04 08 12 26 27 30
2006122|01 04 05 14 16 19 24 29
2006121|01 02 04 09 11 25 27 30
2006120|05 06 09 12 17 22 26 27
2006119|08 09 22 23 24 26 29 30
2006118|01 02 04 13 19 26 27 28
2006117|01 03 05 06 13 19 23 29
2006116|03 05 06 08 15 17 19 24
2006115|03 06 08 09 19 21 25 27
2006114|05 07 08 14 17 18 20 22
2006113|05 09 11 17 24 25 29 30
2006112|04 08 11 13 17 28 29 30
2006111|04 09 12 13 14 21 24 29
2006110|03 05 07 19 20 25 26 27
2006109|05 06 09 10 17 20 22 27
2006108|03 05 08 11 18 20 23 26
2006107|01 10 14 17 22 24 27 29
2006106|13 15 16 18 19 22 23 24
2006105|01 04 14 20 22 23 24 26
2006104|01 06 11 12 21 22 23 30
2006103|06 09 22 24 25 26 27 29
2006102|03 14 16 19 20 21 25 26
2006101|04 06 07 11 14 18 20 21
2006100|02 06 07 13 19 20 22 29
2006099|03 04 05 11 13 14 16 24
2006098|01 05 06 10 11 15 19 24
2006097|10 13 14 15 20 22 23 30
2006096|01 06 08 11 12 15 18 23
2006095|08 13 14 19 20 25 28 30
2006094|07 08 12 14 19 21 24 27
2006093|01 07 08 09 10 12 29 30
2006092|05 13 14 19 24 25 27 28
2006091|01 03 10 14 22 25 26 30
2006090|03 07 09 13 16 17 19 27
2006089|03 05 10 13 15 18 25 28
2006088|01 04 08 16 17 18 24 26
2006087|01 02 06 07 19 23 24 28
2006086|06 12 15 16 18 19 28 30
2006085|03 05 06 12 13 21 25 30
2006084|09 11 13 21 22 23 25 28
2006083|01 06 07 09 23 24 26 28
2006082|01 05 08 09 11 13 25 29
2006081|01 07 09 14 15 23 26 29
2006080|02 03 05 06 14 19 25 26
2006079|07 09 12 19 27 28 29 30
2006078|03 04 10 11 15 21 23 27
2006077|04 06 09 11 12 19 23 29
2006076|04 09 12 19 20 22 24 27
2006075|01 11 14 15 18 19 23 25
2006074|06 11 15 16 17 21 23 24
2006073|02 03 07 11 19 24 26 29
2006072|01 05 06 07 08 19 29 30
2006071|01 04 06 13 17 23 26 27
2006070|02 12 17 18 24 25 26 29
2006069|01 11 15 16 19 22 28 29
2006068|10 15 18 21 22 25 29 30
2006067|03 06 09 17 21 25 26 28
2006066|04 05 10 11 16 19 24 30
2006065|01 04 05 11 12 18 24 27
2006064|08 14 16 17 19 24 27 30
2006063|05 06 07 11 14 22 25 26
2006062|03 08 12 19 25 27 28 29
2006061|02 07 10 16 17 20 25 29
2006060|01 12 20 23 24 25 26 28
2006059|01 03 07 09 11 18 21 27
2006058|01 04 08 10 13 14 15 25
2006057|02 07 11 17 19 26 27 28
2006056|06 08 10 11 12 13 27 29
2006055|01 04 12 13 19 20 24 28
2006054|02 08 09 16 22 25 27 28
2006053|01 08 15 19 22 23 29 30
2006052|03 06 10 16 18 22 23 24
2006051|03 05 10 11 15 18 21 25
2006050|01 05 08 13 17 19 26 27
2006049|03 07 12 16 17 26 28 30
2006048|05 10 11 18 19 22 27 29
2006047|02 07 11 12 15 16 19 28
2006046|03 04 12 15 20 21 26 28
2006045|07 15 16 17 20 27 28 30
2006044|08 13 16 17 18 20 28 29
2006043|05 08 13 14 15 19 26 29
2006042|02 07 08 10 17 20 23 25
2006041|01 02 10 11 12 17 24 27
2006040|02 03 08 13 16 19 23 30
2006039|02 10 13 14 17 20 26 30
2006038|02 07 11 14 20 22 24 25
2006037|03 11 12 14 18 20 23 28
2006036|01 04 05 06 07 16 17 18
2006035|01 11 12 13 15 21 28 29
2006034|04 08 13 17 19 21 27 28
2006033|01 03 09 11 12 23 24 28
2006032|09 15 20 21 22 25 28 30
2006031|03 05 06 07 11 20 29 30
2006030|06 09 10 17 19 22 25 26
2006029|02 05 09 11 13 16 23 30
2006028|04 09 13 17 18 19 27 29
2006027|09 10 11 13 16 17 22 29
2006026|03 08 13 14 15 19 28 30
2006025|01 20 23 24 25 27 29 30
2006024|01 02 07 08 14 15 23 28
2006023|01 05 07 12 17 19 23 27
2006022|01 08 19 20 24 25 28 29
2006021|09 11 13 19 24 28 29 30
2006020|03 04 06 08 11 16 25 29
2006019|01 03 11 18 19 20 21 26
2006018|02 10 14 15 21 24 28 29
2006017|06 07 11 13 15 18 21 24
2006016|10 11 17 20 22 27 28 30
2006015|04 05 06 10 13 17 27 28
2006014|02 03 05 06 07 20 23 24
2006013|01 05 06 17 18 23 28 29
2006012|05 12 13 14 15 23 27 30
2006011|03 11 14 17 21 25 27 29
2006010|03 04 07 10 15 22 23 30
2006009|02 03 04 12 21 26 27 28
2006008|02 07 09 10 11 23 24 30
2006007|11 18 20 22 23 25 26 27
2006006|03 09 10 15 20 22 24 29
2006005|01 09 11 12 13 14 28 29
2006004|02 04 10 12 16 24 26 29
2006003|02 11 13 14 15 26 27 29
2006002|07 16 19 22 26 27 28 30
2006001|01 02 05 18 20 22 23 25
2005154|02 03 07 12 20 23 25 29
2005153|02 03 06 20 21 23 28 30
2005152|01 03 12 13 15 22 23 24
2005151|01 03 09 20 23 24 26 29
2005150|03 06 11 12 15 26 27 28
2005149|04 06 10 13 23 26 28 30
2005148|09 10 11 15 18 19 24 28
2005147|04 12 13 16 17 19 23 30
2005146|01 09 10 13 14 17 20 30
2005145|02 14 16 18 19 23 24 26
2005144|11 13 15 22 25 28 29 30
2005143|01 03 04 11 18 24 25 28
2005142|06 08 10 11 12 22 23 24
2005141|03 07 08 09 18 25 26 27
2005140|03 05 12 14 19 20 21 24
2005139|01 03 04 07 13 21 24 27
2005138|02 04 10 13 16 25 26 29
2005137|01 15 17 18 23 24 26 28
2005136|05 06 12 19 20 23 24 28
2005135|04 06 09 10 14 17 21 22
2005134|05 08 09 16 19 26 28 29
2005133|02 04 06 11 15 16 24 27
2005132|07 12 18 19 24 25 26 27
2005131|01 03 06 09 12 25 27 29
2005130|02 04 06 11 18 21 22 28
2005129|02 05 07 10 14 22 26 29
2005128|06 10 11 15 18 20 21 27
2005127|04 05 07 09 21 25 27 28
2005126|02 14 16 17 19 25 28 29
2005125|03 11 14 15 16 17 18 26
2005124|04 07 08 11 12 15 23 29
2005123|05 10 13 17 19 21 24 25
2005122|05 08 14 17 21 22 24 26
2005121|06 11 12 13 14 18 22 23
2005120|02 10 11 13 20 22 27 30
2005119|02 03 07 09 24 25 26 27
2005118|05 10 14 25 27 28 29 30
2005117|04 13 14 18 21 24 26 30
2005116|01 02 08 23 27 28 29 30
2005115|02 03 05 07 11 12 13 30
2005114|01 03 04 10 13 23 25 26
2005113|01 05 10 13 22 23 27 28
2005112|03 04 05 07 16 18 22 23
2005111|02 04 08 11 12 18 20 21
2005110|02 03 05 08 11 12 19 23
2005109|04 05 07 17 20 25 26 30
2005108|05 07 09 10 11 16 18 30
2005107|02 03 05 14 21 22 23 27
2005106|03 07 12 18 20 22 23 24
2005105|01 09 14 17 20 22 26 27
2005104|01 05 06 11 16 22 27 29
2005103|02 03 04 09 11 22 26 28
2005102|05 06 07 09 18 20 25 30
2005101|04 16 22 23 24 25 26 29
2005100|04 05 06 07 17 18 21 25
2005099|05 06 07 14 19 22 24 28
2005098|05 06 13 16 18 21 27 28
2005097|02 05 16 17 23 24 25 29
2005096|01 06 14 15 18 20 21 25
2005095|01 02 10 14 20 22 23 27
2005094|05 07 10 12 13 22 27 30
2005093|01 03 08 12 17 21 28 29
2005092|01 07 11 14 16 22 27 30
2005091|01 02 07 14 17 22 26 28
2005090|04 09 14 16 17 18 23 25
2005089|02 03 04 05 10 14 23 29
2005088|01 08 11 12 17 18 24 25
2005087|05 07 19 20 21 24 26 27
2005086|07 09 11 18 22 27 28 30
2005085|04 05 07 14 17 18 27 30
2005084|07 15 17 18 19 20 25 30
2005083|07 09 10 20 22 24 26 27
2005082|08 14 17 18 20 21 23 26
2005081|05 10 13 15 17 21 24 25
2005080|01 04 05 11 12 20 22 30
2005079|04 06 07 10 11 15 25 27
2005078|03 05 15 19 24 25 26 28
2005077|05 08 11 13 18 19 22 23
2005076|03 07 08 10 13 16 27 29
2005075|04 05 06 13 21 23 24 27
2005074|02 04 12 15 16 18 24 27
2005073|02 04 07 08 10 18 24 28
2005072|08 10 11 15 17 20 25 26
2005071|02 04 06 10 16 21 25 30
2005070|02 03 07 09 16 17 20 24
2005069|03 04 15 16 18 19 26 29
2005068|01 03 04 05 07 13 20 30
2005067|05 11 12 15 16 24 27 30
2005066|01 04 09 12 15 20 28 30
2005065|04 12 13 19 21 25 27 29
2005064|01 02 05 07 09 10 13 20
2005063|04 07 11 13 14 23 25 30
2005062|03 06 07 13 16 19 24 29
2005061|07 15 16 23 24 27 28 29
2005060|06 07 15 16 17 21 25 29
2005059|10 13 19 20 24 25 29 30
2005058|02 09 10 17 19 23 26 27
2005057|03 04 05 06 16 20 28 30
2005056|04 09 17 20 22 23 25 26
2005055|04 09 10 11 17 18 20 25
2005054|07 15 17 20 24 26 27 30
2005053|05 06 07 14 21 27 28 29
2005052|01 05 10 11 14 17 28 30
2005051|02 06 17 19 23 26 28 30
2005050|06 09 15 17 21 22 27 29
2005049|07 12 15 16 17 19 20 27
2005048|01 05 06 07 08 14 20 27
2005047|02 04 05 17 21 25 27 29
2005046|04 05 10 12 16 19 27 29
2005045|03 08 15 20 26 27 28 29
2005044|01 02 05 06 08 11 12 20
2005043|09 13 14 20 23 24 28 30
2005042|01 02 17 19 20 25 26 30
2005041|03 04 05 06 12 16 21 29
2005040|03 09 14 15 19 25 28 29
2005039|01 14 16 20 21 26 28 30
2005038|01 06 11 16 18 22 24 29
2005037|01 02 14 17 19 25 27 29
2005036|04 07 09 14 16 21 23 28
2005035|03 04 06 10 16 23 25 29
2005034|03 06 07 08 12 16 23 27
2005033|04 08 10 17 20 21 26 30
2005032|08 09 10 11 12 15 20 21
2005031|02 09 14 15 17 24 28 29
2005030|02 09 11 13 15 18 19 23
2005029|01 05 08 12 17 18 22 23
2005028|03 04 10 11 13 17 19 24
2005027|01 07 08 11 20 24 26 29
2005026|04 07 08 12 14 21 26 28
2005025|02 09 14 16 26 27 29 30
2005024|04 06 11 14 19 22 24 29
2005023|10 22 23 24 27 28 29 30
2005022|03 05 09 20 21 25 28 30
2005021|01 04 05 09 10 15 22 28
2005020|02 03 04 07 13 17 19 20
2005019|02 03 12 14 16 18 26 27
2005018|04 05 12 13 17 18 24 29
2005017|02 04 14 16 20 22 24 27
2005016|01 04 07 09 17 23 24 28
2005015|02 04 09 12 21 23 26 30
2005014|05 09 14 15 17 23 26 28
2005013|05 06 09 11 18 22 24 30
2005012|01 02 08 09 12 15 17 27
2005011|02 03 04 14 17 20 25 28
2005010|01 11 15 21 24 26 27 28
2005009|02 06 10 14 17 18 22 26
2005008|01 03 07 11 12 14 17 20
2005007|07 11 18 21 25 27 28 29
2005006|11 18 20 23 27 28 29 30
2005005|03 04 10 17 18 20 23 27
2005004|01 06 10 11 14 19 20 29
2005003|02 05 08 11 20 25 26 27
2005002|03 06 15 16 18 23 28 29
2005001|01 03 04 15 21 25 28 30
2004154|01 11 15 17 18 22 25 30
2004153|01 03 07 09 10 12 14 29
2004152|08 10 15 16 18 26 28 29
2004151|01 03 05 12 19 21 24 29
2004150|02 05 12 17 19 20 24 27
2004149|01 04 06 08 21 27 28 29
2004148|03 11 14 15 16 18 24 27
2004147|02 06 07 08 09 12 21 26
2004146|01 02 04 07 15 16 25 26
2004145|05 06 09 12 18 21 23 26
2004144|07 16 17 18 19 21 22 25
2004143|04 05 07 08 17 23 24 26
2004142|06 07 13 15 20 26 27 30
2004141|02 04 07 10 14 22 27 28
2004140|03 04 06 12 17 26 29 30
2004139|03 14 17 20 21 26 27 29
2004138|02 09 12 13 16 24 25 27
2004137|03 07 08 12 16 20 25 28
2004136|02 03 06 07 10 12 17 25
2004135|09 13 15 17 19 22 26 29
2004134|06 08 09 11 20 22 25 29
2004133|11 14 16 22 24 27 29 30
2004132|03 04 05 06 09 10 18 23
2004131|02 11 13 16 19 20 23 30
2004130|04 07 09 10 12 13 16 17
2004129|02 10 14 20 22 27 29 30
2004128|06 07 09 13 14 18 24 30
2004127|06 08 13 19 22 23 29 30
2004126|02 05 07 09 19 23 28 30
2004125|01 09 12 17 20 22 24 25
2004124|01 04 06 11 16 18 21 30
2004123|01 05 06 12 18 19 27 28
2004122|07 09 14 16 19 22 26 30
2004121|03 05 07 08 10 12 15 27
2004120|06 07 08 09 11 19 21 30
2004119|03 10 11 15 16 24 26 30
2004118|02 04 12 15 17 25 26 30
2004117|06 07 10 16 20 25 26 28
2004116|04 06 08 14 16 21 26 27
2004115|03 04 08 09 19 21 26 28
2004114|05 06 13 15 20 21 26 27
2004113|03 09 13 14 20 27 28 29
2004112|07 09 10 15 19 21 22 26
2004111|03 09 11 12 13 18 19 21
2004110|06 10 11 14 17 22 23 29
2004109|02 09 13 16 22 25 28 30
2004108|13 16 21 22 23 25 28 30
2004107|05 12 18 19 20 21 22 28
2004106|07 08 15 19 21 28 29 30
2004105|01 04 08 10 18 20 24 26
2004104|02 18 20 21 25 28 29 30
2004103|02 09 12 15 19 26 27 28
2004102|01 02 13 14 16 27 28 29
2004101|06 09 14 17 18 24 28 30
2004100|06 09 12 14 16 22 26 29
2004099|06 07 11 12 16 17 18 19
2004098|01 05 09 11 16 22 23 29
2004097|05 08 09 17 18 19 24 29
2004096|01 04 06 11 13 17 21 29
2004095|02 06 10 12 16 20 22 28
2004094|02 04 13 14 19 26 28 29
2004093|08 10 11 15 17 22 25 26
2004092|01 02 04 15 19 20 23 28
2004091|02 03 14 15 21 23 25 30
2004090|01 04 06 07 08 10 11 30
2004089|01 03 04 07 15 18 22 24
2004088|03 06 12 13 17 19 22 28
2004087|01 03 05 09 13 20 26 28
2004086|03 06 09 18 19 22 25 30
2004085|02 10 12 16 18 19 21 22
2004084|03 09 16 19 20 21 24 28
2004083|01 06 08 09 14 18 23 25
2004082|04 05 07 08 14 23 26 27
2004081|04 07 14 21 24 26 29 30
2004080|02 04 07 10 12 13 26 28
2004079|01 03 09 18 21 23 25 29
2004078|02 06 07 09 18 21 24 29
2004077|03 08 17 22 24 25 27 30
2004076|04 05 08 11 13 15 20 30
2004075|05 07 08 10 17 27 28 29
2004074|01 03 09 11 12 24 26 27
2004073|06 12 13 14 16 20 23 30
2004072|05 07 08 10 19 20 25 30
2004071|03 10 12 14 17 21 27 29
2004070|02 05 13 16 17 24 26 29
2004069|03 09 11 13 15 18 21 22
2004068|03 06 08 10 16 24 25 26
2004067|01 08 12 14 19 23 25 27
2004066|07 16 18 19 20 22 28 29
2004065|02 07 12 17 18 21 22 27
2004064|01 15 16 17 18 20 28 30
2004063|05 09 13 16 19 26 27 29
2004062|01 03 06 10 17 19 20 26
2004061|01 02 08 17 23 27 28 30
2004060|02 07 11 13 14 17 18 25
2004059|05 06 17 21 23 24 26 29
2004058|02 06 18 20 25 27 28 29
2004057|01 10 12 14 17 20 25 29
2004056|07 11 12 13 14 20 25 28
2004055|03 06 10 12 13 21 23 24
2004054|07 11 13 15 18 26 28 29
2004053|13 14 18 19 24 25 28 30
2004052|02 08 15 16 18 19 25 30
2004051|01 03 07 12 14 20 22 24
2004050|02 07 13 14 15 18 24 28
2004049|01 02 04 08 17 22 26 30
2004048|01 09 11 15 16 22 28 30
2004047|06 07 08 14 21 22 25 26
2004046|03 04 06 12 16 21 24 30
2004045|01 05 09 14 22 24 27 30
2004044|14 18 19 21 24 26 27 29
2004043|07 14 17 18 21 24 26 28
2004042|02 07 10 14 16 19 20 26
2004041|07 10 15 16 17 18 23 27
2004040|08 09 11 17 18 22 27 30
2004039|04 06 07 11 19 20 24 30
2004038|05 06 09 18 19 21 28 29
2004037|01 04 07 08 10 14 26 30
2004036|02 06 07 08 13 22 26 27
2004035|03 05 07 09 10 15 25 30
2004034|11 14 15 17 24 27 28 30
2004033|01 03 04 12 16 25 26 27
2004032|01 02 06 11 14 17 23 28
2004031|03 06 07 13 16 19 24 25
2004030|09 12 14 15 24 25 26 30
2004029|02 15 16 18 22 24 26 29
2004028|06 11 12 17 21 24 26 30
2004027|03 06 08 09 11 13 17 29
2004026|02 04 18 21 22 23 25 30
2004025|01 08 09 11 16 24 25 30
2004024|02 06 11 18 19 24 25 26
2004023|01 03 07 08 09 16 28 30
2004022|01 08 12 13 14 20 23 27
2004021|01 02 10 12 17 21 24 25
2004020|04 06 10 11 12 19 27 30
2004019|03 04 11 14 16 21 27 28
2004018|01 06 09 12 15 18 28 30
2004017|01 02 03 04 09 12 26 28
2004016|01 05 10 12 15 16 19 29
2004015|05 11 13 16 20 21 24 28
2004014|01 05 08 09 11 23 25 27
2004013|02 03 09 10 15 21 25 27
2004012|02 03 20 21 22 25 27 28
2004011|01 11 13 18 19 22 23 28
2004010|04 09 10 13 15 16 25 30
2004009|01 03 15 21 23 27 29 30
2004008|01 02 06 07 08 19 21 24
2004007|02 05 08 14 15 18 19 23
2004006|01 04 05 06 09 15 20 22
2004005|01 02 11 13 16 18 19 28
2004004|05 07 08 09 13 14 22 30
2004003|01 07 09 10 18 19 23 30
2004002|03 04 05 13 16 21 26 27
2004001|04 06 11 12 13 15 20 21
2003154|02 05 13 17 26 27 29 30
2003153|02 03 09 11 13 20 21 30
2003152|02 04 05 06 08 11 14 26
2003151|01 06 07 09 13 14 15 23
2003150|05 12 15 16 20 24 28 29
2003149|01 02 12 13 16 17 20 22
2003148|07 12 17 23 24 25 27 29
2003147|04 07 08 12 17 20 22 29
2003146|01 09 15 16 21 25 26 30
2003145|01 08 12 13 14 16 19 21
2003144|05 06 10 12 16 17 18 19
2003143|07 13 16 20 21 27 28 30
2003142|02 06 12 19 20 22 25 27
2003141|03 09 10 12 18 21 24 26
2003140|02 11 14 17 21 23 26 28
2003139|02 05 14 16 21 22 25 28
2003138|08 09 14 15 16 17 20 27
2003137|02 05 08 18 23 25 26 27
2003136|03 04 10 14 17 20 21 25
2003135|01 02 05 11 15 22 24 29
2003134|02 06 07 10 11 21 24 30
2003133|03 04 08 12 13 24 26 29
2003132|05 09 11 13 14 18 28 30
2003131|07 11 14 16 18 19 20 27
2003130|02 04 08 10 13 25 28 29
2003129|03 11 16 18 22 23 24 26
2003128|06 08 11 15 16 21 23 25
2003127|02 05 09 10 20 21 27 28
2003126|01 04 06 08 13 16 17 23
2003125|04 11 12 15 24 26 28 30
2003124|05 09 10 11 19 23 24 25
2003123|01 06 09 15 16 17 19 22
2003122|01 03 11 13 14 15 16 18
2003121|03 07 12 17 18 23 24 28
2003120|01 09 10 11 15 18 22 23
2003119|03 06 07 13 18 21 22 23
2003118|03 08 09 12 18 19 23 25
2003117|02 03 08 09 16 18 25 27
2003116|05 07 08 15 18 24 26 30
2003115|06 07 09 10 22 23 28 30
2003114|03 07 08 13 14 16 20 26
2003113|03 07 10 16 17 19 23 27
2003112|02 08 09 10 18 20 23 24
2003111|01 03 07 12 21 26 27 29
2003110|05 11 12 16 23 24 27 28
2003109|05 07 08 11 12 13 19 21
2003108|02 05 14 19 23 25 26 27
2003107|02 05 09 16 18 19 26 27
2003106|03 08 09 11 15 16 17 30
2003105|01 02 10 15 16 19 23 24
2003104|07 13 16 21 23 27 28 29
2003103|04 05 07 16 18 20 24 25
2003102|01 09 11 13 16 19 25 26
2003101|09 11 14 15 19 21 22 24
2003100|03 11 12 16 18 24 27 30
2003099|03 06 10 12 18 23 28 29
2003098|01 05 06 11 15 20 27 29
2003097|06 08 09 10 12 22 24 27
2003096|06 09 10 13 15 21 24 28
2003095|07 08 11 12 13 18 23 30
2003094|04 08 13 14 16 17 24 26
2003093|01 05 06 08 13 19 21 30
2003092|03 07 08 10 12 19 23 24
2003091|05 08 16 21 22 23 29 30
2003090|02 03 04 06 09 10 11 27
2003089|15 16 23 24 25 26 27 29
2003088|01 03 05 10 11 15 27 29
2003087|01 02 04 12 14 16 24 28
2003086|02 03 07 08 18 23 29 30
2003085|03 04 08 13 14 15 19 21
2003084|06 08 09 14 15 16 18 30
2003083|04 06 09 19 24 27 29 30
2003082|04 09 13 15 22 24 25 28
2003081|07 08 09 13 18 20 23 29
2003080|08 11 15 16 18 21 24 27
2003079|07 09 10 18 21 24 26 27
2003078|07 08 09 11 12 18 24 26
2003077|01 02 04 15 18 19 20 29
2003076|01 07 11 12 17 22 25 29
2003075|03 04 17 18 20 22 23 26
2003074|02 05 06 11 13 14 16 18
2003073|01 04 09 15 16 21 25 28
2003072|09 14 15 18 25 26 27 30
2003071|02 04 12 16 17 18 21 24
2003070|06 09 10 20 23 27 28 30
2003069|01 03 07 11 12 13 18 23
2003068|05 06 19 20 23 24 25 30
2003067|02 05 07 08 15 17 25 28
2003066|01 03 04 11 12 15 19 26
2003065|02 03 05 07 10 12 15 17
2003064|10 14 15 16 17 18 21 24
2003063|01 07 10 11 17 18 20 30
2003062|05 06 08 12 18 19 20 24
2003061|05 16 18 19 21 25 26 29
2003060|11 12 14 15 17 19 25 29
2003059|03 04 06 10 16 25 26 30
2003058|04 07 15 20 22 26 28 30
2003057|02 05 09 13 17 21 22 28
2003056|01 05 11 16 19 24 26 30
2003055|03 09 12 15 18 20 24 27
2003054|01 02 03 16 17 19 24 29
2003053|02 04 09 13 14 17 18 19
2003052|01 02 03 07 11 13 20 27
2003051|07 09 15 18 20 23 25 30
2003050|06 07 09 17 19 22 23 25
2003049|01 05 13 14 15 19 20 23
2003048|02 08 10 12 17 23 25 28
2003047|05 08 11 18 23 25 28 29
2003046|05 10 11 13 21 26 28 29
2003045|05 06 08 10 12 22 27 29
2003044|07 10 12 15 18 19 21 25
2003043|08 10 11 18 19 20 27 29
2003042|03 04 10 11 15 20 23 25
2003041|01 05 09 15 16 19 28 29
2003040|01 03 06 12 13 15 20 29
2003039|02 05 14 15 16 18 21 30
2003038|05 06 10 11 12 15 25 30
2003037|03 07 11 22 24 27 29 30
2003036|04 06 12 13 17 19 24 28
2003035|01 06 08 09 18 24 27 28
2003034|01 05 08 10 13 15 21 29
2003033|01 05 09 10 19 20 25 26
2003032|01 02 05 09 13 17 23 29
2003031|03 05 07 10 12 20 26 28
2003030|01 02 07 12 14 18 29 30
2003029|07 10 12 13 15 25 26 30
2003028|02 06 07 08 09 14 22 30
2003027|02 03 04 06 11 20 28 29
2003026|05 10 11 13 20 22 25 27
2003025|03 05 08 15 20 21 24 29
2003024|01 02 05 11 16 19 22 30
2003023|04 10 11 13 15 21 25 28
2003022|02 10 11 17 20 21 25 28
2003021|05 07 08 09 13 14 21 27
2003020|01 03 09 15 16 19 27 30
2003019|04 06 08 11 16 18 22 24
2003018|05 07 09 12 13 15 19 28
2003017|02 05 14 22 26 28 29 30
2003016|07 10 13 17 18 23 28 30
2003015|01 07 11 13 14 21 22 24
2003014|01 03 14 15 17 18 26 27
2003013|02 08 17 19 21 25 26 30
2003012|01 05 07 12 14 20 27 30
2003011|08 09 10 12 14 17 19 22
2003010|03 04 07 10 12 15 23 28
2003009|01 02 05 06 13 22 26 30
2003008|10 17 21 22 23 24 29 30
2003007|01 03 07 10 14 17 25 26
2003006|08 13 17 18 19 21 22 24
2003005|06 09 13 17 20 22 24 30
2003004|04 06 08 12 22 25 26 27
2003003|08 09 10 11 15 18 22 25
2003002|03 10 11 14 16 24 27 29
2003001|08 10 13 20 25 27 29 30
2002154|02 05 06 07 10 14 16 23
2002153|01 07 12 13 17 20 27 28
2002152|01 04 07 11 14 17 21 28
2002151|01 03 10 11 14 17 25 30
2002150|02 06 10 13 17 18 19 23
2002149|04 11 14 15 20 24 26 29
2002148|01 04 06 08 11 16 18 28
2002147|07 08 11 15 16 19 25 27
2002146|04 07 12 14 15 16 19 23
2002145|02 08 13 15 18 21 22 28
2002144|02 04 06 07 13 18 23 25
2002143|02 06 07 10 12 19 23 28
2002142|03 06 08 19 20 23 24 26
2002141|01 05 08 11 12 15 23 29
2002140|04 05 06 12 13 16 18 22
2002139|01 04 07 09 11 18 27 30
2002138|03 09 12 14 22 26 29 30
2002137|02 03 04 08 12 21 26 30
2002136|04 05 08 10 11 13 17 18
2002135|07 08 12 15 17 22 23 26
2002134|05 06 09 11 18 22 26 29
2002133|01 04 09 12 16 17 28 29
2002132|03 04 09 12 13 19 26 28
2002131|04 11 18 19 22 24 25 29
2002130|04 06 10 11 16 21 28 29
2002129|04 06 09 12 17 19 24 28
2002128|07 08 09 10 12 15 24 30
2002127|02 05 06 10 16 17 21 29
2002126|02 05 06 07 11 16 25 29
2002125|01 02 07 09 13 20 24 27
2002124|05 06 08 09 12 13 24 29
2002123|06 09 12 16 17 19 24 30
2002122|01 02 04 06 09 10 20 28
2002121|10 12 13 15 16 21 28 30
2002120|05 18 19 22 24 27 29 30
2002119|03 05 09 10 16 18 21 25
2002118|01 05 06 07 17 19 27 29
2002117|09 10 12 14 20 21 22 24
2002116|04 05 10 18 19 25 26 27
2002115|05 08 09 10 18 20 22 27
2002114|02 11 12 19 20 22 23 30
2002113|11 12 20 24 25 27 29 30
2002112|03 11 12 18 19 21 26 30
2002111|03 09 11 15 16 22 26 27
2002110|02 05 06 11 19 20 22 30
2002109|05 09 17 18 20 23 27 29
2002108|02 05 08 22 23 27 29 30
2002107|03 08 12 13 15 18 27 30
2002106|10 16 17 20 22 23 25 28
2002105|03 06 09 11 12 14 16 22
2002104|01 02 08 10 17 19 27 28
2002103|02 04 05 14 15 18 24 25
2002102|03 04 07 08 15 18 29 30
2002101|01 04 05 13 15 18 19 23
2002100|03 04 07 13 14 16 17 20
2002099|05 13 16 17 18 22 24 26
2002098|03 12 15 16 21 22 28 30
2002097|06 09 11 15 18 22 25 26
2002096|02 06 12 16 18 22 25 29
2002095|03 05 06 11 14 20 26 28
2002094|03 04 09 11 12 23 25 29
2002093|01 07 10 13 20 23 29 30
2002092|03 05 12 14 16 20 28 29
2002091|03 05 06 11 14 21 22 24
2002090|01 07 11 12 19 22 25 27
2002089|02 03 04 06 08 10 16 25
2002088|05 11 13 14 19 22 25 26
2002087|02 05 08 09 13 14 19 20
2002086|06 09 20 21 23 26 27 30
2002085|02 06 12 14 21 23 27 30
2002084|08 10 11 13 14 19 24 27
2002083|01 04 06 08 09 11 13 22
2002082|01 04 11 13 16 23 26 27
2002081|03 11 12 13 15 17 25 30
2002080|02 10 13 16 17 20 26 27
2002079|03 06 11 13 14 17 21 23
2002078|09 14 15 16 17 19 23 29
2002077|03 04 09 17 18 20 24 29
2002076|02 09 12 16 17 23 27 30
2002075|04 05 12 14 17 25 26 30
2002074|01 02 06 07 08 11 13 17
2002073|01 04 05 08 17 19 23 29
2002072|01 08 15 19 21 22 26 29
2002071|08 09 11 22 23 26 28 30
2002070|02 07 11 15 22 25 27 28
2002069|02 03 10 14 21 25 27 30
2002068|01 03 05 06 07 10 16 21
2002067|04 09 13 14 15 22 27 28
2002066|07 08 12 13 14 15 25 29
2002065|02 07 15 18 21 24 26 27
2002064|01 03 05 08 11 15 23 26
2002063|02 06 11 14 16 20 21 30
2002062|01 10 18 20 21 27 28 29
2002061|03 09 10 14 21 25 27 28
2002060|05 07 09 16 19 20 24 29
2002059|06 09 11 13 20 22 25 30
2002058|02 03 10 12 13 20 26 27
2002057|04 05 06 07 10 16 20 22
2002056|02 06 08 10 14 16 22 29
2002055|03 05 06 09 17 21 24 27
2002054|01 04 05 07 10 12 16 22
2002053|02 04 08 09 10 18 21 28
2002052|02 03 17 18 21 23 25 28
2002051|10 12 13 17 19 20 22 27
2002050|03 04 06 10 13 20 24 30
2002049|02 04 05 06 08 14 24 26
2002048|04 08 12 14 20 28 29 30
2002047|02 07 08 10 23 25 28 30
2002046|11 14 17 19 23 24 25 26
2002045|03 09 10 12 16 23 24 29
2002044|04 07 08 10 16 22 24 25
2002043|07 09 18 20 22 23 26 28
2002042|08 09 15 23 24 26 27 29
2002041|02 08 09 11 12 24 25 28
2002040|03 09 12 16 18 19 22 30
2002039|01 03 04 10 13 15 26 28
2002038|10 14 17 20 21 22 25 29
2002037|06 09 13 17 18 20 24 29
2002036|01 09 13 15 18 19 22 30
2002035|03 05 08 09 10 15 22 23
2002034|06 14 17 18 23 24 28 30
2002033|07 10 15 18 20 24 29 30
2002032|02 03 07 08 13 16 21 24
2002031|01 02 07 08 13 14 16 28
2002030|05 09 14 16 17 18 21 25
2002029|07 13 15 19 20 21 25 26
2002028|03 04 09 17 21 27 28 29
2002027|02 03 07 15 16 21 22 27
2002026|01 03 04 07 08 10 19 25
2002025|12 15 17 18 21 22 24 29
2002024|03 04 14 18 19 26 29 30
2002023|02 04 09 12 14 15 20 25
2002022|06 09 19 20 23 25 27 29
2002021|02 15 16 18 21 22 23 29
2002020|01 03 07 18 21 22 25 26
2002019|03 06 07 17 22 26 28 30
2002018|05 11 16 18 21 22 26 30
2002017|06 07 10 12 19 20 22 30
2002016|02 03 10 11 13 15 20 26
2002015|05 06 12 14 15 21 26 29
2002014|04 06 07 17 27 28 29 30
2002013|05 06 07 08 10 11 20 26
2002012|01 03 09 10 12 17 20 21
2002011|01 07 09 17 20 22 27 28
2002010|02 04 06 10 16 17 19 28
2002009|03 04 05 07 10 17 22 26
2002008|05 10 16 18 22 27 28 29
2002007|05 07 08 12 13 16 21 30
2002006|03 06 07 10 16 18 19 23
2002005|02 11 14 15 18 21 22 26
2002004|01 03 12 16 18 23 25 30
2002003|01 04 07 09 15 16 18 30
2002002|02 08 13 18 19 20 24 30
2002001|06 09 15 21 22 23 29 30
