2016059|04 11 12 20 25 28
2016058|03 05 18 20 24 32
2016057|07 12 19 22 23 26
2016056|03 04 08 11 16 18
2016055|05 06 10 16 22 26
2016054|06 11 16 19 28 32
2016053|02 08 10 12 29 31
2016052|01 06 13 19 24 28
2016051|01 02 04 09 15 33
2016050|09 12 24 28 29 30
2016049|06 08 13 14 22 27
2016048|03 08 13 14 15 30
2016047|02 05 08 15 17 22
2016046|07 20 25 26 27 30
2016045|04 09 12 17 30 32
2016044|01 03 10 12 18 30
2016043|05 14 20 26 30 33
2016042|07 14 17 23 26 31
2016041|12 17 18 21 22 24
2016040|03 13 19 20 23 26
2016039|01 03 07 18 19 27
2016038|03 12 13 22 28 29
2016037|06 15 26 31 32 33
2016036|03 04 07 09 20 22
2016035|04 13 19 20 26 29
2016034|03 15 21 22 23 28
2016033|06 17 18 20 27 29
2016032|08 12 14 15 21 27
2016031|03 08 10 19 26 33
2016030|10 14 19 22 25 29
2016029|12 15 18 20 21 27
2016028|06 08 12 21 25 29
2016027|11 13 15 17 19 31
2016026|04 09 12 28 30 33
2016025|04 11 12 17 24 30
2016024|02 05 07 14 18 31
2016023|03 06 10 19 25 29
2016022|04 09 19 22 23 30
2016021|09 11 13 22 24 26
2016020|01 02 10 12 22 24
2016019|06 13 16 17 23 30
2016018|12 13 14 17 21 25
2016017|05 06 08 20 22 30
2016016|01 20 22 24 25 26
2016015|01 02 14 22 25 26
2016014|02 08 10 18 20 27
2016013|07 12 21 22 26 31
2016012|07 12 14 16 27 32
2016011|03 08 10 15 22 29
2016010|02 04 12 14 19 25
2016009|10 14 24 25 27 32
2016008|02 15 24 29 32 33
2016007|05 12 14 20 27 29
2016006|13 16 18 20 28 31
2016005|11 14 18 20 31 33
2016004|08 10 17 22 25 33
2016003|01 10 14 23 26 28
2016002|09 14 17 20 24 30
2016001|06 13 16 18 20 22
2015154|07 09 11 15 18 25
2015153|08 11 15 22 27 29
2015152|11 18 19 21 29 32
2015151|05 06 08 23 31 32
2015150|01 03 08 11 29 31
2015149|09 10 20 21 22 33
2015148|09 13 14 22 26 27
2015147|08 09 16 23 24 30
2015146|16 17 21 28 30 32
2015145|07 08 15 19 20 24
2015144|01 04 07 15 28 32
2015143|13 15 19 20 21 32
2015142|13 17 19 20 22 25
2015141|03 08 19 25 27 28
2015140|06 20 28 29 30 31
2015139|01 10 13 18 25 27
2015138|01 02 08 16 19 24
2015137|14 22 23 27 28 31
2015136|02 05 12 23 28 29
2015135|01 12 14 18 26 32
2015134|02 05 14 19 27 31
2015133|02 03 13 20 22 24
2015132|03 05 11 28 30 33
2015131|10 12 13 19 22 26
2015130|06 14 15 16 17 22
2015129|05 08 11 16 18 27
2015128|01 03 08 11 22 28
2015127|07 10 19 22 27 33
2015126|10 11 15 20 23 29
2015125|05 13 22 27 30 33
2015124|02 03 05 12 18 27
2015123|05 08 09 12 22 28
2015122|05 07 11 16 22 25
2015121|01 03 20 21 28 29
2015120|16 21 24 26 27 29
2015119|02 08 10 18 23 31
2015118|01 04 11 21 23 31
2015117|04 11 12 18 26 32
2015116|04 06 15 23 26 28
2015115|01 07 08 14 24 32
2015114|04 07 09 13 21 26
2015113|01 05 07 08 19 27
2015112|01 03 10 19 20 27
2015111|08 14 16 18 20 30
2015110|05 07 16 17 22 23
2015109|01 08 09 16 32 33
2015108|02 12 19 22 24 27
2015107|07 14 16 18 21 25
2015106|01 03 04 23 31 32
2015105|09 10 16 19 20 26
2015104|09 18 21 23 25 26
2015103|06 08 13 26 30 32
2015102|07 09 12 14 21 23
2015101|08 16 22 24 28 29
2015100|02 03 11 17 19 21
2015099|06 07 10 11 14 22
2015098|06 09 13 26 27 33
2015097|09 12 14 20 26 27
2015096|06 16 17 23 24 31
2015095|04 15 21 28 30 31
2015094|01 04 06 13 16 17
2015093|01 03 13 21 25 31
2015092|09 15 19 21 26 27
2015091|05 07 17 19 22 31
2015090|10 12 14 22 25 33
2015089|12 14 19 27 28 29
2015088|02 12 20 24 29 31
2015087|09 15 16 19 20 28
2015086|05 06 08 16 18 22
2015085|02 08 25 27 28 29
2015084|15 18 20 22 28 29
2015083|06 07 16 18 29 32
2015082|02 08 09 14 28 30
2015081|13 20 22 26 28 31
2015080|14 17 25 27 28 30
2015079|09 14 15 20 26 32
2015078|03 07 20 22 26 29
2015077|01 06 08 10 13 27
2015076|01 09 10 19 23 27
2015075|06 11 13 19 21 32
2015074|04 07 21 25 26 29
2015073|01 02 17 22 26 27
2015072|01 03 05 20 21 31
2015071|08 18 20 28 29 31
2015070|01 07 13 19 21 29
2015069|01 13 17 18 23 30
2015068|06 15 18 21 26 27
2015067|02 05 08 24 25 31
2015066|05 08 11 17 24 28
2015065|08 10 14 19 26 29
2015064|11 12 14 17 23 27
2015063|01 07 09 16 22 32
2015062|09 14 15 18 21 26
2015061|06 18 22 26 32 33
2015060|01 03 18 27 31 32
2015059|02 06 09 16 25 32
2015058|02 09 10 18 19 20
2015057|09 20 24 25 26 32
2015056|01 07 08 16 18 20
2015055|01 10 15 18 19 28
2015054|01 02 07 10 22 26
2015053|03 07 17 22 32 33
2015052|02 04 11 16 25 26
2015051|04 10 24 26 28 32
2015050|03 09 12 16 17 31
2015049|07 12 14 17 20 23
2015048|13 16 17 22 25 27
2015047|02 03 20 24 26 27
2015046|05 07 10 14 23 31
2015045|01 05 13 22 30 31
2015044|02 03 04 13 14 16
2015043|11 12 15 24 26 27
2015042|09 10 19 21 23 32
2015041|04 09 11 17 21 25
2015040|13 16 18 27 30 32
2015039|01 13 15 26 29 30
2015038|05 06 11 12 14 33
2015037|05 07 12 18 28 31
2015036|04 06 16 17 26 33
2015035|01 08 09 22 24 33
2015034|12 13 17 18 20 27
2015033|03 06 21 29 31 32
2015032|11 14 16 18 29 32
2015031|01 05 07 22 26 32
2015030|08 11 14 15 16 26
2015029|07 14 15 19 21 28
2015028|04 07 10 26 27 28
2015027|05 07 09 16 26 29
2015026|02 13 17 21 22 33
2015025|10 11 12 15 27 32
2015024|09 11 16 18 23 24
2015023|08 09 10 13 29 30
2015022|04 07 10 16 23 25
2015021|14 15 16 17 27 28
2015020|01 04 07 19 22 23
2015019|02 06 11 19 25 26
2015018|06 09 12 14 28 29
2015017|13 18 20 25 27 33
2015016|02 06 10 15 17 31
2015015|01 07 20 24 25 33
2015014|02 12 16 19 27 30
2015013|08 09 24 25 26 29
2015012|03 05 22 23 29 31
2015011|04 14 15 17 18 20
2015010|01 02 03 08 21 31
2015009|04 07 14 17 21 25
2015008|04 07 10 16 20 22
2015007|01 07 09 17 20 33
2015006|01 10 11 29 31 33
2015005|07 10 16 17 18 32
2015004|02 14 15 16 23 24
2015003|10 15 20 23 24 31
2015002|07 15 16 25 28 32
2015001|01 07 09 16 20 23
2014152|08 13 15 20 21 25
2014151|04 05 08 11 21 27
2014150|03 08 14 22 24 32
2014149|07 09 10 15 19 33
2014148|01 02 05 12 15 16
2014147|06 07 22 26 31 32
2014146|01 06 13 20 29 32
2014145|10 12 13 23 26 29
2014144|03 05 06 09 10 27
2014143|03 12 18 20 25 26
2014142|06 21 22 23 25 28
2014141|08 09 11 16 21 24
2014140|06 10 11 14 17 33
2014139|01 14 15 20 25 29
2014138|04 06 13 29 31 33
2014137|03 06 09 11 25 29
2014136|03 16 19 27 31 32
2014135|02 04 11 13 25 33
2014134|05 16 22 23 26 28
2014133|13 14 16 23 30 31
2014132|05 06 14 15 18 33
2014131|05 17 21 22 28 32
2014130|01 02 10 24 30 33
2014129|05 08 09 20 28 32
2014128|05 07 08 17 18 24
2014127|02 10 12 21 23 27
2014126|06 11 16 17 22 27
2014125|10 11 15 26 31 32
2014124|02 17 20 24 31 33
2014123|01 06 11 17 28 33
2014122|06 09 11 16 20 29
2014121|01 02 13 22 28 30
2014120|01 07 12 16 23 28
2014119|06 13 17 20 26 29
2014118|05 07 15 18 26 30
2014117|05 10 17 25 28 29
2014116|09 10 14 15 19 29
2014115|01 09 10 11 13 32
2014114|02 07 23 30 32 33
2014113|12 14 28 31 32 33
2014112|01 15 16 21 24 30
2014111|02 08 17 20 22 28
2014110|01 08 11 13 19 30
2014109|02 05 11 15 19 28
2014108|03 08 09 20 23 28
2014107|11 14 17 22 25 27
2014106|09 14 17 18 21 25
2014105|14 16 17 19 27 32
2014104|02 06 12 19 27 28
2014103|03 08 09 10 18 33
2014102|14 16 21 24 28 31
2014101|16 18 20 23 24 32
2014100|01 06 09 10 14 16
2014099|01 05 10 11 13 32
2014098|02 13 17 20 29 31
2014097|07 13 24 25 27 32
2014096|12 14 17 19 22 24
2014095|05 06 08 14 22 31
2014094|01 10 18 20 23 29
2014093|02 08 09 10 20 29
2014092|03 13 18 19 22 26
2014091|01 05 12 19 27 29
2014090|05 09 11 19 24 32
2014089|04 06 14 17 27 30
2014088|03 06 11 14 16 29
2014087|06 18 22 23 32 33
2014086|02 04 10 12 14 30
2014085|01 02 11 19 23 29
2014084|01 06 09 10 13 25
2014083|05 06 19 21 23 33
2014082|02 04 20 25 26 29
2014081|08 14 22 24 27 29
2014080|05 14 16 17 25 30
2014079|02 07 16 22 27 28
2014078|02 03 05 06 09 17
2014077|08 09 12 15 19 22
2014076|06 10 12 17 18 33
2014075|03 09 11 22 27 29
2014074|01 03 06 13 30 31
2014073|01 12 16 20 30 33
2014072|01 03 07 13 19 32
2014071|02 04 12 17 22 25
2014070|01 07 09 19 28 29
2014069|05 12 17 19 25 30
2014068|04 12 13 22 27 29
2014067|01 06 07 17 18 23
2014066|02 05 15 17 18 21
2014065|03 04 05 08 10 22
2014064|02 09 15 16 29 32
2014063|03 08 17 21 22 31
2014062|06 09 15 24 25 26
2014061|02 14 17 27 28 31
2014060|03 05 14 18 25 33
2014059|05 08 12 13 23 25
2014058|02 03 12 13 14 25
2014057|02 04 12 18 23 31
2014056|01 11 18 20 28 29
2014055|02 09 14 19 21 30
2014054|01 04 05 11 29 30
2014053|14 17 19 22 26 31
2014052|09 13 15 28 30 33
2014051|10 16 19 21 23 24
2014050|03 17 23 25 26 32
2014049|06 07 16 17 23 32
2014048|06 09 16 17 24 25
2014047|08 10 11 12 19 29
2014046|02 10 11 17 18 22
2014045|02 04 09 11 19 22
2014044|04 09 21 27 28 33
2014043|02 05 09 14 24 33
2014042|12 15 20 25 28 33
2014041|07 11 16 18 21 22
2014040|03 04 06 11 12 15
2014039|03 11 15 19 20 31
2014038|04 07 22 23 24 33
2014037|06 13 14 24 25 30
2014036|01 07 08 09 11 22
2014035|07 08 09 17 32 33
2014034|01 03 04 08 25 31
2014033|05 13 23 28 32 33
2014032|01 02 14 22 29 33
2014031|04 10 16 17 21 27
2014030|12 18 19 23 24 30
2014029|02 07 14 16 21 29
2014028|06 16 21 27 30 32
2014027|08 10 14 16 30 31
2014026|01 02 05 06 11 23
2014025|01 05 10 14 16 30
2014024|08 10 16 20 23 30
2014023|07 09 13 17 21 22
2014022|04 06 07 10 21 26
2014021|08 10 15 17 22 29
2014020|09 14 17 23 24 25
2014019|02 10 15 19 20 21
2014018|13 17 18 21 30 33
2014017|04 06 07 14 25 26
2014016|02 03 07 13 21 24
2014015|02 11 19 30 32 33
2014014|04 09 19 22 25 29
2014013|05 09 13 15 17 21
2014012|01 08 11 19 21 24
2014011|09 10 13 14 21 32
2014010|05 07 08 20 31 33
2014009|08 09 19 20 25 32
2014008|05 14 16 21 29 30
2014007|08 10 12 14 18 28
2014006|03 04 07 17 21 27
2014005|15 18 23 27 32 33
2014004|01 04 19 22 24 25
2014003|06 10 11 28 30 33
2014002|04 21 23 31 32 33
2014001|03 09 15 20 27 29
2013154|07 11 14 19 24 29
2013153|08 11 13 18 28 33
2013152|04 06 14 16 18 29
2013151|03 09 10 19 28 33
2013150|01 15 16 25 26 29
2013149|09 18 25 26 30 32
2013148|06 11 12 14 17 22
2013147|02 15 16 17 19 30
2013146|08 20 25 30 32 33
2013145|06 10 13 16 23 24
2013144|05 07 12 19 27 31
2013143|12 18 21 22 27 32
2013142|11 12 14 20 22 29
2013141|03 04 05 25 30 31
2013140|01 05 12 13 21 22
2013139|07 08 11 13 21 27
2013138|04 15 16 24 27 28
2013137|04 17 19 23 24 27
2013136|04 06 14 16 18 26
2013135|09 23 24 25 29 31
2013134|01 17 18 19 25 29
2013133|04 07 12 19 22 25
2013132|20 21 22 23 25 27
2013131|04 06 12 17 19 26
2013130|01 03 15 16 31 33
2013129|05 06 10 14 27 31
2013128|07 13 17 19 25 31
2013127|02 03 13 20 22 33
2013126|04 10 19 27 31 33
2013125|04 06 08 18 25 28
2013124|03 09 15 23 25 30
2013123|01 02 06 11 17 25
2013122|07 10 13 15 26 27
2013121|04 05 06 07 25 27
2013120|05 06 13 18 23 31
2013119|05 15 20 22 26 32
2013118|02 03 17 22 32 33
2013117|09 12 13 24 27 33
2013116|12 15 21 26 32 33
2013115|03 12 16 17 18 27
2013114|04 06 17 21 23 33
2013113|04 07 11 17 24 33
2013112|01 06 12 13 22 31
2013111|01 02 03 06 08 33
2013110|15 17 18 21 29 32
2013109|09 23 24 27 29 32
2013108|16 21 22 28 31 32
2013107|07 09 11 17 28 31
2013106|09 11 23 30 31 32
2013105|01 11 23 27 31 32
2013104|01 02 04 15 17 28
2013103|02 04 09 13 18 20
2013102|02 04 05 06 08 16
2013101|05 07 09 23 27 32
2013100|04 08 11 14 16 20
2013099|05 11 20 21 26 31
2013098|07 15 18 19 20 26
2013097|05 14 17 22 23 25
2013096|01 02 22 28 29 30
2013095|01 06 15 19 28 29
2013094|02 04 14 18 20 22
2013093|01 02 08 26 29 31
2013092|07 11 15 21 26 31
2013091|04 14 24 25 28 31
2013090|02 05 11 23 24 29
2013089|04 08 12 19 21 25
2013088|09 15 20 21 22 24
2013087|02 13 19 23 24 28
2013086|02 04 11 13 16 26
2013085|02 08 12 14 16 32
2013084|05 07 09 11 20 21
2013083|05 06 12 14 19 23
2013082|04 13 14 20 22 30
2013081|01 04 10 13 21 31
2013080|10 11 12 23 28 32
2013079|07 13 17 19 22 26
2013078|03 05 17 18 26 27
2013077|09 14 23 24 26 29
2013076|14 23 24 26 29 30
2013075|04 06 09 25 30 33
2013074|03 06 08 14 19 32
2013073|02 09 13 17 20 28
2013072|02 08 11 14 19 33
2013071|05 12 21 23 26 28
2013070|02 03 09 10 28 30
2013069|07 16 17 18 30 33
2013068|02 07 13 20 25 27
2013067|01 04 09 15 22 30
2013066|01 03 16 17 20 32
2013065|07 18 19 23 29 30
2013064|01 09 13 22 25 32
2013063|10 15 18 20 23 31
2013062|01 06 07 19 22 27
2013061|05 06 07 12 13 18
2013060|05 07 10 13 19 20
2013059|03 10 18 24 27 29
2013058|08 11 17 21 23 24
2013057|13 16 19 23 26 28
2013056|03 12 25 26 28 29
2013055|08 18 19 22 27 32
2013054|03 04 08 14 21 28
2013053|03 12 13 22 30 33
2013052|06 07 14 21 22 24
2013051|08 12 15 19 28 29
2013050|03 07 13 18 22 25
2013049|10 13 14 16 21 32
2013048|10 13 17 28 30 32
2013047|01 08 11 17 27 30
2013046|03 16 19 20 24 26
2013045|06 07 08 14 23 31
2013044|03 05 11 18 26 28
2013043|03 06 14 15 17 25
2013042|01 08 12 13 15 33
2013041|02 10 12 17 23 24
2013040|02 04 10 12 17 30
2013039|01 02 14 15 24 29
2013038|09 10 12 14 15 19
2013037|02 15 18 27 28 32
2013036|04 05 09 27 29 31
2013035|01 14 15 17 26 30
2013034|06 15 20 22 26 33
2013033|05 06 13 17 19 28
2013032|04 21 25 29 30 33
2013031|03 13 14 15 21 33
2013030|07 14 18 25 26 29
2013029|06 07 10 19 23 29
2013028|07 08 14 25 26 28
2013027|01 02 04 12 21 24
2013026|04 11 14 15 22 31
2013025|16 17 18 24 25 30
2013024|04 05 13 23 27 30
2013023|03 06 15 18 30 32
2013022|02 04 07 09 15 20
2013021|01 06 17 19 26 31
2013020|01 07 08 12 16 21
2013019|01 02 05 16 20 26
2013018|02 08 13 28 29 30
2013017|04 06 12 30 31 32
2013016|02 05 06 12 14 28
2013015|05 06 07 11 13 18
2013014|02 04 05 17 19 20
2013013|05 06 13 19 22 28
2013012|06 14 17 22 28 29
2013011|03 12 17 24 27 29
2013010|01 09 11 17 32 33
2013009|01 04 09 13 16 23
2013008|03 08 17 21 25 32
2013007|02 09 15 22 26 32
2013006|09 10 13 17 22 30
2013005|01 13 14 25 31 32
2013004|06 10 16 20 27 32
2013003|22 23 26 27 28 33
2013002|01 16 18 22 28 30
2013001|06 08 14 15 24 25
2012154|05 07 12 16 28 32
2012153|04 05 11 21 27 28
2012152|10 12 18 22 28 29
2012151|05 14 24 25 26 32
2012150|09 11 17 23 24 26
2012149|01 05 13 25 26 32
2012148|03 06 11 17 21 31
2012147|02 12 15 23 24 32
2012146|01 05 07 13 29 32
2012145|05 20 26 27 28 33
2012144|03 10 12 13 27 30
2012143|07 08 18 25 30 32
2012142|05 18 22 28 29 31
2012141|03 05 08 19 20 27
2012140|14 18 27 30 31 33
2012139|08 19 21 24 28 31
2012138|01 07 16 17 19 21
2012137|01 02 04 06 13 17
2012136|02 07 08 17 21 28
2012135|02 05 07 08 11 17
2012134|02 05 06 07 13 23
2012133|01 08 11 20 21 29
2012132|07 12 16 17 21 25
2012131|06 18 19 26 28 32
2012130|01 03 15 20 22 31
2012129|01 07 09 17 21 29
2012128|05 09 12 29 30 31
2012127|01 09 11 21 26 32
2012126|03 05 12 15 23 24
2012125|08 12 13 26 29 33
2012124|06 07 21 25 27 33
2012123|08 10 16 25 28 33
2012122|12 13 19 22 28 29
2012121|01 07 08 20 23 24
2012120|01 04 20 24 28 29
2012119|12 20 25 26 27 28
2012118|05 06 07 12 15 28
2012117|13 15 18 20 24 28
2012116|03 21 26 29 31 32
2012115|03 08 20 24 26 32
2012114|01 06 11 26 27 29
2012113|03 06 09 13 18 32
2012112|08 15 20 21 27 31
2012111|02 09 10 20 22 31
2012110|03 07 10 13 22 32
2012109|02 12 24 26 29 31
2012108|01 09 12 13 19 28
2012107|11 12 15 24 25 31
2012106|13 14 20 22 23 32
2012105|06 13 14 15 17 30
2012104|04 05 09 10 19 28
2012103|04 09 11 14 32 33
2012102|13 25 27 28 29 30
2012101|09 12 17 18 20 33
2012100|05 07 15 18 25 33
2012099|08 12 15 16 21 27
2012098|02 12 19 26 29 31
2012097|05 08 13 14 19 22
2012096|04 07 11 16 29 33
2012095|17 24 27 28 29 30
2012094|06 09 14 16 23 33
2012093|03 05 19 21 24 33
2012092|06 13 17 18 28 32
2012091|01 05 07 08 19 21
2012090|02 13 20 25 29 30
2012089|03 07 10 13 14 25
2012088|03 05 23 24 27 31
2012087|03 10 11 13 14 22
2012086|08 09 13 15 22 23
2012085|05 17 24 30 31 33
2012084|02 10 20 26 28 29
2012083|04 09 14 15 26 33
2012082|02 04 11 18 22 29
2012081|02 05 10 24 25 29
2012080|04 09 14 15 16 27
2012079|06 07 12 24 30 33
2012078|08 15 22 24 28 33
2012077|02 04 13 18 26 28
2012076|11 18 22 27 29 30
2012075|04 06 22 23 29 32
2012074|15 16 18 19 28 32
2012073|04 07 09 10 17 27
2012072|02 03 07 09 13 30
2012071|03 04 19 21 22 23
2012070|02 03 04 24 31 32
2012069|08 10 11 18 20 29
2012068|05 17 22 26 32 33
2012067|04 05 10 21 26 30
2012066|01 02 09 26 29 33
2012065|08 10 18 19 27 31
2012064|05 10 11 16 23 24
2012063|02 10 17 19 24 27
2012062|02 13 16 17 20 31
2012061|03 08 11 12 14 18
2012060|07 10 13 16 17 29
2012059|04 13 21 22 26 31
2012058|03 06 15 20 25 26
2012057|03 05 19 21 27 31
2012056|04 07 14 17 26 31
2012055|04 06 13 20 24 28
2012054|06 14 18 20 30 33
2012053|04 15 22 25 27 33
2012052|02 03 05 06 20 24
2012051|02 12 14 17 30 31
2012050|07 13 15 17 19 24
2012049|04 12 13 19 20 32
2012048|01 05 14 22 24 30
2012047|06 07 11 16 32 33
2012046|04 12 19 20 23 33
2012045|08 11 20 21 27 30
2012044|06 09 10 14 22 25
2012043|02 09 11 21 26 33
2012042|05 06 11 19 24 28
2012041|08 11 15 20 24 32
2012040|03 08 09 22 25 31
2012039|01 02 05 13 22 29
2012038|09 10 11 15 19 33
2012037|05 14 19 24 28 33
2012036|02 11 13 18 19 26
2012035|09 11 12 21 24 26
2012034|02 03 08 23 32 33
2012033|02 03 15 16 17 27
2012032|01 02 10 17 22 24
2012031|04 16 22 24 27 31
2012030|09 10 17 18 21 31
2012029|04 07 15 25 26 28
2012028|10 15 20 21 28 30
2012027|04 16 22 25 30 31
2012026|03 07 09 15 24 25
2012025|03 08 09 17 25 27
2012024|04 12 19 21 25 28
2012023|05 09 15 23 24 33
2012022|04 08 12 24 26 27
2012021|01 15 16 18 22 30
2012020|03 08 12 18 23 29
2012019|07 14 18 20 22 30
2012018|03 05 06 22 26 32
2012017|06 09 14 19 25 28
2012016|02 05 12 17 22 25
2012015|01 03 06 10 21 23
2012014|01 02 05 16 28 30
2012013|06 08 24 29 30 32
2012012|15 17 18 20 23 27
2012011|04 14 15 16 20 26
2012010|01 03 13 19 25 26
2012009|04 16 24 26 27 33
2012008|01 12 20 23 24 29
2012007|10 17 19 27 28 32
2012006|02 22 25 29 32 33
2012005|07 09 18 27 31 33
2012004|01 05 10 11 21 23
2012003|03 06 08 24 29 31
2012002|02 03 07 09 10 32
2012001|01 04 05 09 15 17
2011153|05 08 09 10 20 25
2011152|04 10 11 12 21 26
2011151|07 11 16 19 31 33
2011150|08 10 12 15 22 27
2011149|04 05 06 07 23 31
2011148|05 14 22 23 25 26
2011147|04 08 12 17 18 30
2011146|11 23 26 28 32 33
2011145|02 04 14 15 26 30
2011144|01 02 09 10 16 24
2011143|07 08 12 14 15 30
2011142|12 15 16 26 29 31
2011141|02 04 06 19 24 29
2011140|04 18 20 22 27 29
2011139|08 20 24 27 30 31
2011138|01 05 15 24 28 32
2011137|02 11 18 23 30 33
2011136|02 04 06 20 22 31
2011135|12 13 17 20 25 26
2011134|01 02 06 07 30 31
2011133|12 14 20 21 25 31
2011132|02 05 12 13 25 33
2011131|02 07 09 17 21 25
2011130|07 14 18 23 25 32
2011129|07 10 11 21 23 26
2011128|09 11 14 17 19 23
2011127|16 19 22 23 27 29
2011126|03 07 13 18 23 26
2011125|03 10 15 24 27 32
2011124|09 18 19 26 31 32
2011123|01 04 05 14 19 28
2011122|10 12 18 26 27 31
2011121|04 14 22 25 32 33
2011120|04 14 17 28 30 33
2011119|09 12 14 19 28 32
2011118|05 06 11 14 20 21
2011117|08 10 19 26 28 30
2011116|01 07 11 12 17 27
2011115|07 08 09 12 17 33
2011114|01 14 15 16 30 32
2011113|06 10 11 25 32 33
2011112|03 05 16 18 23 24
2011111|01 03 05 20 25 27
2011110|12 14 21 26 28 33
2011109|01 03 09 15 16 33
2011108|02 17 22 26 29 33
2011107|04 09 16 17 22 29
2011106|02 11 12 14 24 32
2011105|04 06 23 25 27 28
2011104|09 10 16 20 25 29
2011103|04 05 10 13 15 16
2011102|01 05 13 21 27 31
2011101|06 10 19 23 29 31
2011100|07 11 21 23 31 32
2011099|10 12 13 21 26 27
2011098|03 07 20 21 22 32
2011097|09 17 19 20 21 26
2011096|01 04 07 13 14 19
2011095|03 07 08 10 23 24
2011094|09 11 12 17 18 19
2011093|04 07 11 13 23 30
2011092|05 10 17 26 31 32
2011091|09 15 21 23 28 30
2011090|02 05 14 18 21 25
2011089|01 02 11 24 29 30
2011088|03 09 17 20 21 29
2011087|02 03 04 05 18 28
2011086|06 07 09 12 17 24
2011085|03 06 11 21 24 31
2011084|09 10 12 16 18 32
2011083|07 16 18 24 28 29
2011082|07 16 17 20 25 26
2011081|06 14 19 23 25 32
2011080|02 07 09 25 31 32
2011079|03 14 15 16 24 29
2011078|03 05 13 20 22 29
2011077|01 07 08 15 26 29
2011076|06 19 21 26 32 33
2011075|07 09 10 12 31 32
2011074|02 21 26 28 29 32
2011073|03 04 05 12 17 21
2011072|01 06 10 11 18 27
2011071|01 02 15 22 28 30
2011070|01 03 05 12 21 28
2011069|02 13 16 18 24 30
2011068|03 07 10 15 19 24
2011067|17 19 20 24 25 27
2011066|04 06 14 17 30 32
2011065|04 16 23 25 27 29
2011064|03 06 07 29 30 33
2011063|04 06 13 15 18 19
2011062|04 08 09 10 29 30
2011061|02 03 08 13 19 21
2011060|10 11 13 21 27 31
2011059|24 26 27 29 31 33
2011058|07 18 22 30 32 33
2011057|04 06 20 21 26 33
2011056|13 16 19 20 23 25
2011055|08 13 16 17 29 32
2011054|08 11 16 17 22 33
2011053|03 06 10 12 22 30
2011052|04 05 08 19 27 28
2011051|01 07 11 14 15 16
2011050|04 05 19 22 28 29
2011049|01 11 17 18 27 31
2011048|10 14 18 25 26 27
2011047|04 13 23 25 27 33
2011046|09 17 18 26 29 30
2011045|02 16 17 20 26 32
2011044|03 14 16 26 27 31
2011043|04 13 14 17 25 31
2011042|05 13 15 17 19 21
2011041|04 10 12 13 30 32
2011040|05 11 14 24 26 28
2011039|03 07 10 16 24 29
2011038|02 14 15 19 23 24
2011037|01 03 04 06 17 25
2011036|02 11 20 22 24 31
2011035|13 14 18 20 27 31
2011034|13 14 17 19 24 31
2011033|02 08 12 13 19 29
2011032|03 05 07 13 14 15
2011031|16 17 24 28 29 32
2011030|02 09 19 24 25 33
2011029|01 04 09 10 20 31
2011028|01 04 05 14 16 17
2011027|13 18 21 22 25 26
2011026|07 08 17 19 21 26
2011025|08 25 26 31 32 33
2011024|05 07 10 19 26 31
2011023|02 03 06 21 22 25
2011022|02 07 14 16 17 21
2011021|01 02 14 18 25 31
2011020|12 16 17 19 24 30
2011019|02 04 12 19 32 33
2011018|13 15 18 28 30 33
2011017|02 06 15 23 26 33
2011016|03 04 16 17 22 29
2011015|03 06 13 26 27 29
2011014|05 07 10 11 23 26
2011013|01 03 13 16 21 22
2011012|07 08 11 13 15 26
2011011|01 12 18 19 21 24
2011010|01 04 05 09 15 19
2011009|17 18 23 24 25 26
2011008|10 12 13 17 24 31
2011007|01 09 17 24 26 31
2011006|01 03 05 13 16 18
2011005|06 09 12 14 20 22
2011004|04 06 08 10 13 26
2011003|13 14 21 22 23 27
2011002|06 08 12 17 28 33
2011001|03 09 20 24 26 32
2010153|03 06 12 19 30 31
2010152|04 09 17 21 25 31
2010151|02 13 14 17 19 26
2010150|02 17 18 23 29 30
2010149|02 07 08 16 25 30
2010148|01 03 07 18 23 27
2010147|02 08 15 18 24 30
2010146|01 17 18 22 25 32
2010145|03 21 24 27 28 31
2010144|02 03 08 15 19 21
2010143|09 16 18 26 30 31
2010142|02 16 18 23 26 27
2010141|02 03 07 18 23 27
2010140|01 12 13 18 26 29
2010139|11 13 18 20 26 31
2010138|01 21 23 24 26 30
2010137|07 09 10 13 19 33
2010136|04 10 23 24 26 33
2010135|04 10 13 25 26 30
2010134|09 15 16 22 27 28
2010133|03 09 17 21 26 32
2010132|02 10 12 18 24 33
2010131|05 06 15 16 19 26
2010130|01 02 07 15 21 31
2010129|04 08 14 25 28 32
2010128|04 11 19 20 24 28
2010127|01 04 08 17 25 33
2010126|03 13 18 20 27 28
2010125|06 07 13 23 28 29
2010124|02 06 08 11 12 25
2010123|06 12 15 18 29 32
2010122|02 09 12 16 25 27
2010121|08 11 13 18 25 30
2010120|01 02 05 06 10 29
2010119|07 17 25 27 30 31
2010118|05 08 11 13 15 25
2010117|01 08 20 22 24 28
2010116|05 09 10 20 22 26
2010115|01 22 24 25 29 33
2010114|01 08 11 15 17 25
2010113|05 10 15 18 20 28
2010112|01 08 18 24 29 30
2010111|04 07 08 13 17 18
2010110|01 03 12 24 26 27
2010109|04 15 18 25 29 32
2010108|02 04 08 20 23 24
2010107|08 12 15 17 22 33
2010106|02 06 08 15 26 29
2010105|01 08 09 19 21 31
2010104|07 17 23 24 27 32
2010103|06 09 14 17 20 33
2010102|04 11 16 20 22 29
2010101|04 09 18 21 25 26
2010100|01 06 12 22 23 26
2010099|03 04 17 24 27 30
2010098|01 03 08 16 29 33
2010097|10 16 18 21 24 26
2010096|07 12 21 23 24 28
2010095|09 11 16 17 25 27
2010094|03 05 07 27 31 32
2010093|09 10 19 28 32 33
2010092|03 13 19 27 28 30
2010091|06 13 16 20 22 24
2010090|01 06 10 15 25 31
2010089|07 08 09 16 23 26
2010088|05 06 15 23 27 30
2010087|01 08 16 17 25 30
2010086|05 21 28 29 30 31
2010085|01 08 12 13 24 27
2010084|02 10 14 18 20 30
2010083|02 20 21 22 23 31
2010082|01 08 13 14 27 31
2010081|02 03 09 24 26 27
2010080|08 10 13 14 16 23
2010079|08 11 12 14 18 22
2010078|01 03 09 11 17 23
2010077|02 08 14 20 21 24
2010076|01 12 14 29 31 32
2010075|05 09 12 13 15 22
2010074|02 10 17 18 19 29
2010073|01 16 20 23 27 31
2010072|06 08 22 23 30 31
2010071|05 13 14 17 20 26
2010070|08 13 23 27 31 33
2010069|12 14 20 22 24 32
2010068|03 13 18 20 23 28
2010067|01 07 10 14 21 25
2010066|01 03 21 22 31 32
2010065|02 07 08 17 30 32
2010064|08 14 25 26 30 31
2010063|02 06 10 17 23 24
2010062|11 13 15 20 31 33
2010061|02 04 16 19 22 26
2010060|01 08 15 18 22 27
2010059|01 09 11 12 18 30
2010058|01 04 11 17 19 29
2010057|05 11 12 19 25 32
2010056|01 02 03 08 13 32
2010055|02 03 13 19 20 23
2010054|01 06 08 12 14 25
2010053|03 22 24 27 28 30
2010052|01 02 19 23 27 29
2010051|04 17 23 27 28 32
2010050|07 21 22 26 28 30
2010049|01 06 10 26 27 28
2010048|01 06 08 10 23 33
2010047|03 10 13 20 21 32
2010046|11 12 21 23 27 32
2010045|02 03 04 13 20 29
2010044|03 09 21 23 27 31
2010043|04 10 19 22 28 33
2010042|03 06 11 20 31 32
2010041|03 05 13 19 25 29
2010040|12 19 24 25 30 32
2010039|08 17 21 23 25 32
2010038|01 06 07 11 13 16
2010037|03 16 19 21 24 26
2010036|06 13 14 28 29 30
2010035|09 10 11 18 19 21
2010034|06 11 13 22 25 32
2010033|08 10 11 12 25 29
2010032|08 18 21 28 29 33
2010031|05 07 13 24 25 28
2010030|03 06 10 16 25 31
2010029|01 05 14 16 17 22
2010028|01 03 06 12 16 32
2010027|03 04 15 25 26 30
2010026|02 04 05 08 19 22
2010025|04 05 07 10 13 25
2010024|07 16 26 27 29 31
2010023|02 09 11 22 24 27
2010022|01 02 18 29 31 32
2010021|02 09 16 17 19 25
2010020|05 06 14 22 24 26
2010019|02 10 22 24 26 27
2010018|11 28 29 30 32 33
2010017|01 03 06 11 12 23
2010016|02 08 10 12 30 33
2010015|01 04 16 21 23 28
2010014|01 03 07 14 26 28
2010013|01 02 03 16 18 23
2010012|02 08 13 14 25 33
2010011|07 08 14 22 24 30
2010010|07 08 12 15 22 26
2010009|01 09 13 21 24 32
2010008|05 07 13 15 18 30
2010007|14 22 27 28 30 33
2010006|03 05 07 13 14 18
2010005|03 05 06 08 17 18
2010004|01 12 13 16 23 28
2010003|14 22 26 27 28 31
2010002|03 06 07 23 30 33
2010001|07 17 18 27 29 32
2009154|01 07 12 14 18 25
2009153|06 07 08 20 21 25
2009152|03 04 19 21 27 28
2009151|06 08 10 16 25 30
2009150|04 06 07 16 19 20
2009149|01 03 16 18 22 29
2009148|06 12 15 22 29 32
2009147|06 08 10 18 22 32
2009146|03 09 16 20 22 33
2009145|03 05 11 15 26 33
2009144|01 05 10 17 18 29
2009143|05 09 11 17 23 28
2009142|07 11 15 19 20 24
2009141|02 13 21 28 29 31
2009140|04 05 11 18 22 33
2009139|01 05 15 17 27 29
2009138|04 07 14 26 32 33
2009137|08 12 14 15 17 21
2009136|01 04 14 22 30 33
2009135|01 03 14 19 30 33
2009134|03 05 12 15 28 33
2009133|05 09 13 18 20 32
2009132|04 14 15 21 23 30
2009131|16 23 25 26 32 33
2009130|02 03 07 12 13 30
2009129|06 07 16 17 24 25
2009128|05 08 15 16 26 32
2009127|02 11 12 14 15 16
2009126|03 05 06 10 19 23
2009125|06 07 08 22 26 27
2009124|03 04 22 23 28 30
2009123|09 13 20 22 25 28
2009122|07 14 16 27 29 32
2009121|02 04 06 10 25 30
2009120|01 02 08 12 16 30
2009119|06 07 10 12 15 21
2009118|12 16 25 26 27 31
2009117|05 09 15 21 26 31
2009116|05 17 21 25 27 32
2009115|02 09 13 15 19 24
2009114|03 05 11 12 31 32
2009113|04 12 20 25 28 29
2009112|06 07 18 24 30 32
2009111|02 04 07 14 15 25
2009110|04 10 13 15 19 30
2009109|05 06 07 14 25 28
2009108|04 10 17 28 32 33
2009107|07 08 20 23 28 29
2009106|01 02 15 18 20 29
2009105|02 08 10 16 27 30
2009104|20 22 26 29 30 32
2009103|06 11 17 20 23 24
2009102|03 05 07 08 14 31
2009101|01 02 05 10 19 24
2009100|02 11 17 27 30 33
2009099|08 09 18 20 25 29
2009098|03 14 15 20 23 30
2009097|07 13 24 26 28 32
2009096|01 26 27 31 32 33
2009095|08 09 14 28 31 33
2009094|03 16 22 25 26 33
2009093|01 11 20 31 32 33
2009092|02 06 07 14 18 31
2009091|03 08 11 14 25 29
2009090|07 09 14 20 23 30
2009089|02 03 07 11 19 32
2009088|04 07 11 15 16 17
2009087|06 11 13 20 28 32
2009086|11 12 13 18 23 32
2009085|04 08 12 17 20 30
2009084|04 09 11 20 32 33
2009083|02 08 12 18 24 28
2009082|11 15 18 21 27 29
2009081|04 05 06 25 29 30
2009080|01 11 13 25 32 33
2009079|02 09 16 21 30 31
2009078|05 07 12 14 15 20
2009077|01 09 14 16 28 32
2009076|09 18 19 25 28 31
2009075|01 13 15 17 20 30
2009074|05 10 16 19 23 28
2009073|09 16 17 18 22 27
2009072|01 03 12 20 21 29
2009071|04 05 23 26 31 32
2009070|01 02 09 10 21 31
2009069|03 05 12 18 21 23
2009068|06 11 18 20 25 30
2009067|04 10 16 23 28 30
2009066|02 15 19 24 31 32
2009065|08 12 20 22 30 33
2009064|01 02 14 23 28 29
2009063|02 05 11 26 30 32
2009062|10 19 20 21 23 32
2009061|10 11 13 16 19 30
2009060|07 13 17 26 32 33
2009059|03 07 13 23 27 30
2009058|05 08 10 15 23 26
2009057|05 07 10 14 17 25
2009056|04 09 10 18 29 32
2009055|03 04 18 22 24 29
2009054|16 17 23 26 31 32
2009053|07 12 18 19 22 28
2009052|09 11 15 19 21 30
2009051|06 10 13 16 21 23
2009050|13 21 24 29 30 32
2009049|09 12 14 20 30 31
2009048|03 07 11 15 17 31
2009047|06 08 11 15 21 22
2009046|16 20 21 26 29 30
2009045|03 04 06 23 30 32
2009044|11 14 16 18 26 30
2009043|04 09 10 15 18 26
2009042|08 16 22 23 27 30
2009041|01 08 23 26 28 33
2009040|04 07 10 20 26 30
2009039|05 12 14 15 21 27
2009038|12 13 15 23 28 32
2009037|02 06 15 18 20 31
2009036|06 09 18 23 32 33
2009035|06 15 21 26 29 31
2009034|09 12 18 21 22 26
2009033|07 08 13 14 29 30
2009032|09 11 12 19 27 32
2009031|01 02 03 15 30 33
2009030|08 14 24 26 28 32
2009029|12 13 15 22 23 29
2009028|03 06 12 15 23 26
2009027|02 07 11 16 27 32
2009026|11 15 17 18 20 30
2009025|10 20 22 23 26 33
2009024|01 03 17 23 30 33
2009023|01 06 07 15 24 30
2009022|05 08 09 10 11 18
2009021|01 04 05 17 24 27
2009020|03 05 07 10 19 23
2009019|06 17 19 20 26 27
2009018|02 05 06 19 27 30
2009017|06 14 15 19 25 26
2009016|02 07 13 16 20 33
2009015|02 04 06 15 17 32
2009014|03 06 09 14 15 18
2009013|04 08 09 21 26 27
2009012|05 11 14 17 18 28
2009011|02 04 13 14 18 23
2009010|03 10 17 19 20 24
2009009|08 15 21 30 31 33
2009008|04 15 16 22 32 33
2009007|01 05 12 23 25 26
2009006|06 12 18 20 26 33
2009005|01 03 08 15 17 21
2009004|03 11 13 17 28 31
2009003|02 03 06 15 25 30
2009002|10 14 17 25 29 33
2009001|04 21 23 24 30 31
2008154|02 05 07 21 22 26
2008153|01 04 18 21 24 30
2008152|01 04 06 22 26 30
2008151|06 08 10 14 17 19
2008150|04 19 22 24 29 32
2008149|10 14 22 28 29 33
2008148|03 05 09 22 26 28
2008147|07 08 14 22 26 33
2008146|07 08 17 19 31 32
2008145|07 13 18 22 26 29
2008144|02 05 10 27 29 33
2008143|12 17 18 19 26 27
2008142|05 06 10 13 17 28
2008141|03 13 20 25 29 33
2008140|07 14 16 29 30 31
2008139|08 09 19 23 25 26
2008138|07 14 19 23 25 32
2008137|01 04 24 28 29 33
2008136|05 09 10 12 18 28
2008135|05 14 15 16 19 21
2008134|10 15 19 20 28 32
2008133|08 11 16 19 24 26
2008132|09 13 16 25 27 33
2008131|02 12 15 18 22 32
2008130|01 12 18 28 30 32
2008129|01 03 18 24 25 32
2008128|01 05 19 20 27 33
2008127|05 08 19 22 27 30
2008126|04 11 12 14 20 30
2008125|10 11 12 15 26 29
2008124|01 07 10 13 21 22
2008123|10 11 15 16 25 29
2008122|02 08 11 14 19 26
2008121|02 22 23 27 31 32
2008120|10 11 22 24 26 33
2008119|05 07 09 15 24 29
2008118|04 09 16 27 31 33
2008117|03 05 07 10 14 33
2008116|03 07 21 22 24 29
2008115|02 12 13 14 17 18
2008114|04 09 20 24 25 31
2008113|06 09 10 12 17 22
2008112|05 13 14 19 22 23
2008111|17 18 21 25 31 32
2008110|10 16 22 23 29 31
2008109|04 07 09 16 21 28
2008108|09 10 15 17 23 30
2008107|06 13 18 22 27 32
2008106|14 19 25 27 29 30
2008105|05 17 19 27 28 32
2008104|03 06 08 17 24 31
2008103|01 12 16 18 22 33
2008102|03 07 12 21 25 32
2008101|09 17 21 26 28 30
2008100|08 14 17 21 27 28
2008099|10 15 16 22 23 24
2008098|06 07 10 11 15 30
2008097|03 06 08 09 16 17
2008096|06 08 12 24 27 31
2008095|03 08 14 21 28 29
2008094|01 04 15 16 23 28
2008093|04 10 12 16 26 28
2008092|01 03 18 27 28 30
2008091|03 12 14 23 31 32
2008090|02 07 14 18 19 24
2008089|03 06 11 16 22 27
2008088|01 06 08 16 17 23
2008087|01 07 26 29 30 31
2008086|04 05 10 26 27 30
2008085|01 04 12 20 24 29
2008084|04 07 13 20 29 30
2008083|07 08 09 18 29 32
2008082|04 08 10 12 21 26
2008081|02 12 13 18 25 31
2008080|04 14 22 25 29 32
2008079|03 04 05 10 20 32
2008078|06 13 16 26 30 33
2008077|04 12 22 26 30 33
2008076|02 05 07 11 13 18
2008075|01 08 14 18 22 30
2008074|01 11 15 19 20 24
2008073|01 09 13 22 28 33
2008072|01 05 10 18 22 30
2008071|01 06 21 26 27 28
2008070|05 06 12 15 18 33
2008069|05 08 17 20 26 30
2008068|05 07 17 23 27 29
2008067|10 11 15 19 26 33
2008066|07 12 21 22 29 30
2008065|05 13 15 19 30 31
2008064|01 02 07 09 12 18
2008063|05 09 11 14 16 17
2008062|06 08 13 17 24 27
2008061|01 02 05 12 26 31
2008060|06 07 08 17 30 32
2008059|02 06 15 29 31 32
2008058|01 12 21 27 29 31
2008057|19 20 21 26 28 30
2008056|08 13 22 23 25 30
2008055|11 16 19 23 26 31
2008054|02 06 16 17 20 25
2008053|06 12 19 20 21 27
2008052|02 10 17 23 29 31
2008051|01 04 08 10 13 33
2008050|01 11 19 24 26 27
2008049|03 10 12 13 19 25
2008048|11 18 21 27 30 32
2008047|09 12 13 14 20 22
2008046|15 16 18 24 28 33
2008045|01 10 13 21 29 32
2008044|05 07 09 20 26 29
2008043|03 10 16 22 27 33
2008042|03 04 09 11 12 24
2008041|08 11 20 22 23 27
2008040|06 13 22 25 27 28
2008039|01 07 10 13 22 29
2008038|03 09 10 11 15 19
2008037|01 12 22 24 28 31
2008036|02 06 13 18 23 28
2008035|07 11 14 17 18 29
2008034|03 05 09 11 21 29
2008033|12 17 18 30 31 33
2008032|05 14 16 21 23 28
2008031|03 06 11 15 21 31
2008030|06 15 18 19 20 28
2008029|01 09 14 22 29 32
2008028|01 13 21 26 29 32
2008027|15 18 19 23 24 26
2008026|05 17 19 27 29 32
2008025|08 16 17 18 19 21
2008024|11 20 21 26 28 30
2008023|08 16 18 25 26 32
2008022|12 18 20 24 28 32
2008021|09 12 19 20 26 28
2008020|03 10 13 15 28 30
2008019|02 09 11 17 27 31
2008018|02 05 06 23 26 33
2008017|02 05 07 17 20 22
2008016|03 12 14 21 29 33
2008015|06 08 11 16 29 33
2008014|03 09 11 17 21 31
2008013|02 08 15 16 22 28
2008012|03 04 05 16 20 30
2008011|02 14 17 21 30 32
2008010|03 08 11 17 21 27
2008009|09 21 29 30 31 32
2008008|02 15 16 23 26 27
2008007|01 13 17 22 23 30
2008006|01 14 16 18 22 27
2008005|03 05 15 22 24 25
2008004|04 08 22 23 27 29
2008003|06 08 11 13 17 19
2008002|03 04 18 22 25 29
2008001|02 04 07 09 14 29
2007153|01 04 19 20 25 31
2007152|11 17 21 29 30 33
2007151|01 06 10 11 23 25
2007150|03 05 11 13 19 24
2007149|01 17 19 22 28 30
2007148|03 09 16 17 23 28
2007147|03 07 18 24 26 27
2007146|04 18 22 24 26 30
2007145|08 09 11 12 25 31
2007144|08 14 23 25 28 32
2007143|01 06 22 23 24 26
2007142|11 20 25 26 27 30
2007141|02 03 04 06 17 31
2007140|01 05 16 21 22 26
2007139|06 10 12 14 16 22
2007138|02 03 15 17 19 25
2007137|03 07 08 18 20 22
2007136|01 02 18 21 25 29
2007135|01 11 16 26 31 33
2007134|01 04 10 13 18 25
2007133|03 06 07 11 13 33
2007132|01 09 16 21 22 23
2007131|03 05 07 16 22 27
2007130|03 05 09 11 27 31
2007129|05 07 20 21 22 30
2007128|09 10 19 21 27 31
2007127|06 09 13 16 24 28
2007126|09 10 19 23 26 31
2007125|03 05 18 20 27 33
2007124|03 07 13 16 19 32
2007123|01 13 15 23 28 32
2007122|04 07 19 24 26 32
2007121|03 10 21 22 27 28
2007120|06 07 11 12 18 25
2007119|03 08 11 13 25 31
2007118|04 10 16 18 25 32
2007117|03 07 09 10 26 32
2007116|03 05 07 11 17 27
2007115|01 05 10 16 20 26
2007114|05 12 15 24 27 33
2007113|04 18 23 25 26 31
2007112|07 11 14 16 25 32
2007111|02 09 10 12 13 17
2007110|02 04 07 15 24 28
2007109|01 04 07 08 13 14
2007108|03 07 12 13 20 33
2007107|02 08 09 18 24 28
2007106|12 18 21 24 25 29
2007105|02 07 10 17 23 29
2007104|02 08 12 14 20 32
2007103|07 09 25 27 30 32
2007102|04 06 08 18 20 33
2007101|15 16 18 21 22 30
2007100|08 18 27 29 30 32
2007099|03 04 14 27 31 33
2007098|02 03 05 11 19 20
2007097|04 08 13 18 26 30
2007096|09 10 20 22 30 32
2007095|01 06 08 18 29 32
2007094|03 05 18 19 24 32
2007093|05 10 13 15 19 29
2007092|14 18 22 23 24 33
2007091|02 11 17 30 31 32
2007090|05 11 13 27 30 31
2007089|03 07 08 15 19 28
2007088|02 04 10 28 29 33
2007087|01 03 04 05 08 21
2007086|05 08 14 22 27 29
2007085|02 12 17 19 29 30
2007084|06 10 12 14 20 27
2007083|11 14 18 20 21 26
2007082|05 15 17 18 25 32
2007081|09 14 15 19 24 33
2007080|01 08 16 18 19 29
2007079|03 04 14 20 21 25
2007078|04 06 07 23 25 32
2007077|06 08 14 21 28 29
2007076|06 12 15 16 20 31
2007075|13 16 17 22 30 32
2007074|08 13 15 25 27 28
2007073|05 09 11 19 28 31
2007072|02 04 08 13 14 33
2007071|01 06 14 21 30 31
2007070|06 08 15 17 18 30
2007069|03 04 11 12 14 32
2007068|11 18 19 22 23 28
2007067|06 11 13 17 21 23
2007066|05 11 16 24 32 33
2007065|04 07 19 21 25 31
2007064|02 06 09 16 21 23
2007063|10 15 17 24 26 28
2007062|08 17 20 29 30 33
2007061|01 06 07 11 20 23
2007060|01 02 08 16 19 29
2007059|01 03 04 06 07 29
2007058|07 08 10 13 25 27
2007057|05 11 18 19 20 21
2007056|14 17 21 29 31 32
2007055|02 06 11 22 28 29
2007054|01 03 16 18 23 28
2007053|10 13 16 17 18 27
2007052|02 03 07 08 26 29
2007051|03 14 16 26 27 33
2007050|01 05 08 13 18 25
2007049|04 14 18 19 31 33
2007048|02 11 12 15 17 28
2007047|02 04 16 18 23 30
2007046|02 06 07 09 19 26
2007045|01 12 18 21 28 30
2007044|09 13 20 21 24 32
2007043|03 08 10 11 14 30
2007042|03 13 16 19 32 33
2007041|01 03 09 11 26 31
2007040|13 14 15 19 24 30
2007039|06 07 19 24 27 29
2007038|03 11 14 19 21 30
2007037|10 11 16 23 31 33
2007036|03 14 21 23 30 31
2007035|01 04 08 12 29 31
2007034|02 09 12 14 23 25
2007033|03 04 11 17 18 28
2007032|04 08 16 24 30 32
2007031|04 06 10 12 19 31
2007030|03 16 21 22 27 30
2007029|06 08 09 11 19 21
2007028|03 08 13 20 29 30
2007027|02 03 09 22 24 27
2007026|01 04 14 16 26 29
2007025|03 16 18 22 23 26
2007024|08 09 17 25 27 32
2007023|03 07 13 17 32 33
2007022|02 04 07 10 18 27
2007021|03 06 09 11 25 31
2007020|05 10 16 20 28 31
2007019|04 11 16 23 29 31
2007018|01 12 18 20 21 26
2007017|05 09 10 24 25 32
2007016|01 18 20 22 26 33
2007015|03 04 08 18 22 30
2007014|01 13 16 20 24 26
2007013|05 15 18 27 29 32
2007012|03 05 07 21 26 28
2007011|03 10 15 25 28 33
2007010|03 08 14 17 30 32
2007009|02 04 14 15 25 27
2007008|01 04 05 18 19 25
2007007|04 12 15 17 22 32
2007006|06 10 14 22 26 27
2007005|01 05 06 16 24 30
2007004|03 07 10 13 25 33
2007003|05 09 11 12 22 27
2007002|05 06 14 20 21 22
2007001|02 04 09 10 20 26
2006154|07 14 18 20 30 33
2006153|01 07 11 20 30 33
2006152|01 14 20 25 27 31
2006151|01 03 04 06 16 22
2006150|08 09 12 18 25 27
2006149|02 03 05 11 15 32
2006148|04 08 12 13 23 29
2006147|01 04 15 17 27 31
2006146|03 09 13 23 28 30
2006145|02 07 23 26 28 31
2006144|04 10 13 16 22 29
2006143|01 15 20 29 31 32
2006142|10 16 19 22 26 27
2006141|16 18 22 23 25 31
2006140|01 08 11 18 19 23
2006139|07 08 14 21 23 25
2006138|04 09 11 17 18 26
2006137|10 14 17 21 27 31
2006136|11 15 17 21 22 24
2006135|04 19 21 22 23 31
2006134|10 13 18 26 28 30
2006133|04 06 20 25 29 31
2006132|06 14 22 26 30 33
2006131|03 04 09 22 26 33
2006130|01 12 21 22 30 32
2006129|09 14 18 22 27 29
2006128|04 15 21 30 31 33
2006127|03 04 11 17 19 30
2006126|02 08 13 16 24 33
2006125|15 19 23 30 32 33
2006124|12 13 14 18 31 32
2006123|02 03 20 25 28 32
2006122|04 05 06 08 22 24
2006121|03 04 06 27 31 33
2006120|06 08 14 15 24 33
2006119|01 02 14 20 27 30
2006118|01 03 07 08 10 30
2006117|06 14 20 22 23 26
2006116|05 16 21 22 32 33
2006115|01 10 20 26 28 29
2006114|08 10 14 20 27 29
2006113|05 14 17 18 28 33
2006112|04 09 13 15 31 33
2006111|01 08 11 16 17 22
2006110|09 12 14 18 27 33
2006109|01 05 17 18 23 26
2006108|02 06 08 20 24 30
2006107|01 06 08 13 17 30
2006106|02 12 14 19 28 33
2006105|05 12 14 15 20 31
2006104|03 07 22 27 28 31
2006103|12 14 15 25 28 31
2006102|01 04 13 19 20 24
2006101|09 12 20 26 27 28
2006100|01 11 18 26 30 32
2006099|09 12 18 23 24 27
2006098|06 07 10 11 18 23
2006097|11 14 15 20 26 27
2006096|01 05 09 13 18 33
2006095|01 03 17 20 21 29
2006094|15 16 17 18 24 33
2006093|02 12 16 18 19 23
2006092|02 08 11 16 20 21
2006091|07 08 12 21 22 24
2006090|02 11 15 20 23 29
2006089|01 13 16 18 19 22
2006088|03 11 20 24 25 26
2006087|04 05 08 09 12 30
2006086|04 06 10 24 26 31
2006085|02 06 18 21 24 25
2006084|01 12 17 21 25 28
2006083|07 09 18 19 26 29
2006082|03 13 15 23 28 29
2006081|14 16 18 21 22 32
2006080|15 17 20 22 26 29
2006079|06 11 13 17 20 32
2006078|03 05 17 22 31 33
2006077|08 09 12 13 19 33
2006076|04 10 17 21 29 32
2006075|10 21 22 23 25 33
2006074|01 03 15 19 25 33
2006073|05 13 16 18 27 29
2006072|02 03 05 20 21 24
2006071|05 11 12 19 29 31
2006070|02 03 11 13 20 27
2006069|05 16 20 22 29 30
2006068|03 07 10 14 30 33
2006067|07 08 11 16 17 24
2006066|06 08 11 18 30 33
2006065|04 08 17 28 29 30
2006064|03 12 14 21 24 28
2006063|04 05 15 21 23 24
2006062|18 22 23 24 26 30
2006061|05 13 17 19 25 30
2006060|05 15 19 23 30 32
2006059|05 10 15 17 27 29
2006058|01 12 22 23 24 25
2006057|03 04 17 18 21 31
2006056|11 13 15 21 23 25
2006055|04 05 28 29 31 33
2006054|03 05 07 10 28 30
2006053|01 11 17 27 28 31
2006052|11 24 26 27 30 32
2006051|02 06 07 17 27 30
2006050|02 06 12 15 25 31
2006049|06 10 12 13 17 20
2006048|09 13 19 25 29 32
2006047|02 17 20 22 28 32
2006046|13 18 23 29 31 32
2006045|06 07 10 14 20 21
2006044|02 10 18 21 30 31
2006043|05 12 13 16 23 32
2006042|03 16 23 26 28 31
2006041|03 10 16 18 21 28
2006040|15 22 25 26 28 33
2006039|16 19 22 28 31 32
2006038|02 14 17 19 22 30
2006037|02 12 23 24 25 32
2006036|04 07 10 16 17 21
2006035|03 09 13 21 27 29
2006034|02 10 15 16 17 33
2006033|15 20 22 23 27 31
2006032|05 18 20 24 26 31
2006031|03 10 12 16 31 32
2006030|08 13 15 17 20 32
2006029|03 04 07 09 14 19
2006028|05 07 14 16 17 27
2006027|06 08 11 14 16 27
2006026|01 02 18 22 29 32
2006025|03 04 17 19 24 32
2006024|02 07 09 11 21 27
2006023|04 13 14 19 23 28
2006022|02 03 04 13 16 27
2006021|01 02 05 20 21 22
2006020|05 09 21 23 26 29
2006019|04 06 13 22 26 32
2006018|01 13 14 17 24 26
2006017|03 04 08 31 32 33
2006016|01 07 13 17 23 30
2006015|02 03 09 15 29 32
2006014|06 14 26 29 32 33
2006013|01 05 06 12 16 21
2006012|09 11 13 27 31 33
2006011|05 07 08 14 27 31
2006010|04 06 12 19 27 29
2006009|05 06 08 20 26 30
2006008|03 05 09 18 28 32
2006007|04 16 18 27 32 33
2006006|08 21 22 23 26 32
2006005|03 19 20 24 26 27
2006004|04 08 17 27 28 31
2006003|02 04 05 06 16 20
2006002|07 13 16 21 26 28
2006001|01 12 15 19 21 28
2005153|04 05 07 21 26 29
2005152|01 05 12 14 21 27
2005151|04 11 12 13 19 30
2005150|03 07 10 14 18 20
2005149|11 16 21 23 25 32
2005148|03 15 17 23 24 29
2005147|06 07 15 27 28 30
2005146|07 11 19 20 24 28
2005145|03 07 08 17 20 28
2005144|01 08 14 15 19 27
2005143|03 10 15 17 20 32
2005142|07 10 12 17 22 29
2005141|03 05 08 12 16 19
2005140|04 06 07 08 12 17
2005139|02 07 20 23 32 33
2005138|03 05 06 11 20 22
2005137|03 09 15 23 25 33
2005136|05 14 16 18 25 27
2005135|01 05 13 15 21 25
2005134|04 13 14 18 26 30
2005133|01 07 14 16 18 25
2005132|02 04 10 18 27 29
2005131|02 07 10 11 12 24
2005130|03 05 09 15 20 25
2005129|05 10 14 20 27 33
2005128|02 04 14 23 29 33
2005127|04 06 11 14 23 25
2005126|02 08 13 19 25 26
2005125|06 14 18 28 31 32
2005124|05 06 10 19 31 33
2005123|11 12 13 17 18 25
2005122|01 04 07 14 30 32
2005121|01 07 20 25 31 32
2005120|01 06 13 18 30 32
2005119|01 07 11 18 20 22
2005118|04 09 12 15 26 31
2005117|06 17 22 27 28 32
2005116|04 06 08 14 15 30
2005115|03 12 18 23 30 33
2005114|06 07 10 15 21 27
2005113|15 18 20 22 26 27
2005112|04 12 22 28 29 30
2005111|03 07 15 16 19 29
2005110|07 10 16 19 24 25
2005109|03 05 13 15 17 31
2005108|03 10 12 24 29 30
2005107|09 10 20 24 25 26
2005106|01 11 13 24 26 31
2005105|04 15 23 30 32 33
2005104|02 04 21 23 30 33
2005103|04 07 16 18 23 30
2005102|02 05 06 14 24 31
2005101|09 16 19 21 22 24
2005100|02 04 09 14 16 31
2005099|10 13 16 22 24 31
2005098|12 15 19 22 31 33
2005097|05 10 23 27 28 30
2005096|04 05 17 18 26 33
2005095|09 12 18 21 28 29
2005094|03 05 09 23 27 33
2005093|04 06 17 23 25 29
2005092|08 13 19 26 28 31
2005091|01 11 12 15 26 27
2005090|01 09 21 25 29 32
2005089|05 19 20 23 26 31
2005088|01 03 07 18 20 24
2005087|08 09 15 16 23 26
2005086|07 11 12 24 27 29
2005085|08 09 13 14 20 22
2005084|01 02 07 15 19 20
2005083|03 05 09 14 16 30
2005082|01 07 11 14 19 20
2005081|02 04 10 12 26 30
2005080|01 12 14 26 27 32
2005079|03 09 20 24 25 28
2005078|03 11 15 20 26 32
2005077|08 17 22 24 32 33
2005076|04 09 11 22 25 28
2005075|11 13 14 16 18 31
2005074|06 09 18 20 26 29
2005073|01 06 08 09 18 20
2005072|06 10 19 20 24 33
2005071|04 08 12 14 16 22
2005070|03 04 08 14 16 26
2005069|07 09 21 24 31 33
2005068|01 08 10 13 25 33
2005067|03 12 16 20 21 26
2005066|02 04 10 11 25 28
2005065|12 16 17 21 22 23
2005064|10 18 23 27 30 32
2005063|02 11 13 18 22 30
2005062|02 07 11 12 20 23
2005061|05 09 14 21 23 24
2005060|09 12 21 25 31 33
2005059|07 11 14 18 24 29
2005058|04 06 10 21 25 26
2005057|05 06 10 15 30 31
2005056|12 17 19 27 29 31
2005055|05 20 22 30 32 33
2005054|05 13 17 18 21 29
2005053|04 07 10 14 27 29
2005052|01 02 14 17 30 32
2005051|03 06 14 19 20 21
2005050|02 09 12 20 26 32
2005049|02 03 08 10 25 27
2005048|06 07 08 10 16 28
2005047|02 03 05 07 08 27
2005046|09 16 18 20 22 24
2005045|01 07 10 15 18 20
2005044|01 06 16 17 18 22
2005043|04 05 06 07 08 32
2005042|11 16 21 26 27 30
2005041|02 11 16 23 24 29
2005040|01 12 21 24 30 32
2005039|02 16 18 19 21 29
2005038|04 07 11 20 27 28
2005037|07 12 14 22 24 32
2005036|12 19 20 21 26 31
2005035|12 16 21 28 29 30
2005034|05 17 18 25 28 32
2005033|07 08 12 14 19 20
2005032|05 15 19 20 25 29
2005031|04 10 16 20 23 32
2005030|01 05 09 14 22 28
2005029|02 14 21 22 27 30
2005028|04 09 22 25 26 32
2005027|01 03 04 06 21 32
2005026|06 12 14 20 25 26
2005025|01 07 10 11 13 32
2005024|05 09 14 27 31 32
2005023|10 15 19 20 21 25
2005022|08 10 12 21 32 33
2005021|02 06 24 26 30 31
2005020|14 16 19 20 25 29
2005019|06 11 12 13 19 22
2005018|01 03 06 22 23 25
2005017|02 06 10 25 27 31
2005016|01 05 06 12 16 30
2005015|04 08 09 16 17 29
2005014|13 19 21 23 30 32
2005013|07 08 16 19 20 24
2005012|02 03 06 16 22 31
2005011|09 11 13 15 22 30
2005010|08 10 11 18 25 26
2005009|02 17 22 27 29 31
2005008|11 19 22 27 32 33
2005007|07 15 17 20 23 33
2005006|02 04 05 15 21 31
2005005|05 09 20 26 28 33
2005004|01 04 08 09 22 23
2005003|09 12 15 19 22 31
2005002|06 09 20 26 28 33
2005001|01 07 08 23 27 28
2004122|03 11 14 22 24 31
2004121|07 13 16 18 30 32
2004120|07 08 18 21 27 32
2004119|06 09 18 20 25 33
2004118|03 04 07 12 30 31
2004117|01 03 07 14 24 25
2004116|01 03 05 08 14 33
2004115|02 16 20 30 31 33
2004114|01 06 09 17 21 22
2004113|08 10 23 25 31 32
2004112|09 13 15 21 26 33
2004111|11 16 18 20 26 31
2004110|14 19 20 21 22 31
2004109|06 08 10 17 30 31
2004108|08 13 14 27 28 31
2004107|01 08 12 13 18 20
2004106|10 15 23 26 28 29
2004105|07 09 10 21 23 30
2004104|07 11 17 18 24 29
2004103|02 03 05 09 16 21
2004102|03 09 12 15 28 32
2004101|02 09 14 19 25 26
2004100|06 08 09 14 24 33
2004099|05 10 21 22 26 33
2004098|03 12 13 25 26 31
2004097|10 19 20 26 29 31
2004096|01 04 12 16 20 30
2004095|19 22 27 28 30 32
2004094|05 09 10 13 24 25
2004093|11 14 20 27 32 33
2004092|01 04 08 13 28 31
2004091|09 13 14 21 30 33
2004090|01 18 20 24 32 33
2004089|14 17 20 25 28 30
2004088|02 10 19 22 24 32
2004087|01 03 07 08 25 26
2004086|10 13 18 19 25 27
2004085|03 08 11 29 30 32
2004084|01 04 08 11 21 25
2004083|14 16 27 28 30 33
2004082|03 20 24 27 29 30
2004081|03 05 21 24 27 32
2004080|03 08 20 23 24 26
2004079|07 13 14 17 19 30
2004078|04 05 10 21 24 26
2004077|08 09 10 14 16 26
2004076|03 05 13 17 25 31
2004075|07 18 21 26 27 28
2004074|05 06 15 19 26 29
2004073|02 07 13 16 23 28
2004072|08 15 18 28 30 33
2004071|03 08 16 17 21 29
2004070|10 12 21 22 30 33
2004069|02 11 15 20 22 29
2004068|02 08 11 13 24 31
2004067|01 06 07 13 16 32
2004066|05 13 20 23 24 25
2004065|13 14 27 29 32 33
2004064|14 15 18 20 27 31
2004063|07 10 13 16 27 28
2004062|01 12 25 27 28 29
2004061|13 16 19 20 23 33
2004060|03 05 11 24 27 28
2004059|04 07 11 19 23 26
2004058|01 08 11 12 27 31
2004057|05 21 23 25 28 32
2004056|01 20 21 25 29 30
2004055|06 08 19 25 29 32
2004054|09 11 14 16 27 28
2004053|02 03 04 09 24 25
2004052|01 12 14 15 17 29
2004051|02 03 09 10 15 29
2004050|06 07 19 21 25 29
2004049|11 12 14 16 25 29
2004048|08 09 11 16 17 29
2004047|01 07 08 11 27 31
2004046|07 15 16 22 23 32
2004045|01 12 18 26 27 28
2004044|02 06 07 12 31 32
2004043|04 09 10 21 22 24
2004042|06 10 13 17 18 21
2004041|08 10 17 22 25 29
2004040|07 17 19 20 21 29
2004039|10 16 18 25 26 29
2004038|11 16 17 25 28 29
2004037|03 04 11 17 20 26
2004036|02 13 17 18 26 30
2004035|02 08 26 27 30 32
2004034|02 07 13 20 27 30
2004033|01 04 08 09 19 20
2004032|02 05 08 11 15 31
2004031|03 06 19 20 21 24
2004030|01 07 09 17 26 31
2004029|09 13 20 22 24 32
2004028|01 02 03 05 10 22
2004027|01 05 09 10 18 32
2004026|04 10 14 18 28 32
2004025|07 08 10 24 29 33
2004024|01 13 21 23 25 32
2004023|01 08 14 17 19 30
2004022|03 10 14 19 20 30
2004021|05 09 11 17 26 27
2004020|01 02 09 22 28 31
2004019|05 10 11 23 24 32
2004018|02 05 06 08 28 30
2004017|05 12 14 15 25 31
2004016|04 07 08 28 30 32
2004015|01 03 05 18 22 23
2004014|03 07 11 17 20 26
2004013|12 14 21 29 30 32
2004012|01 07 27 30 31 33
2004011|01 04 13 23 28 30
2004010|06 07 08 13 14 19
2004009|01 09 10 16 22 24
2004008|01 07 10 22 32 33
2004007|04 12 17 20 25 28
2004006|04 12 18 20 23 32
2004005|09 11 13 16 17 18
2004004|10 19 22 23 25 29
2004003|03 05 06 17 26 33
2004002|10 12 18 22 30 31
2004001|01 02 03 07 10 25
2003089|18 19 21 26 27 33
2003088|03 10 21 22 24 33
2003087|02 03 04 05 24 28
2003086|05 12 16 18 26 30
2003085|01 04 11 12 19 27
2003084|02 06 07 10 17 33
2003083|01 03 14 18 26 28
2003082|07 17 18 19 30 31
2003081|01 02 14 26 29 30
2003080|09 20 24 25 28 30
2003079|12 15 22 23 26 31
2003078|07 12 23 26 29 30
2003077|04 12 16 22 24 25
2003076|01 13 16 18 20 29
2003075|16 17 19 22 31 33
2003074|02 12 19 22 27 32
2003073|02 12 14 21 23 30
2003072|03 06 08 11 19 27
2003071|09 11 12 14 15 33
2003070|01 02 04 17 18 19
2003069|07 11 16 19 26 28
2003068|09 19 25 27 32 33
2003067|05 11 12 13 27 31
2003066|03 07 08 20 24 32
2003065|06 15 16 17 30 33
2003064|04 06 08 12 15 30
2003063|05 08 09 14 21 33
2003062|01 06 12 19 20 32
2003061|03 05 20 21 28 32
2003060|02 04 06 17 21 28
2003059|02 03 05 06 18 30
2003058|09 11 16 28 32 33
2003057|18 19 24 25 30 31
2003056|08 17 21 26 28 29
2003055|06 13 16 21 28 31
2003054|02 05 09 21 31 33
2003053|15 19 20 21 28 29
2003052|01 12 13 23 30 31
2003051|04 13 15 17 24 27
2003050|02 08 17 23 24 26
2003049|03 06 07 13 24 25
2003048|10 12 20 28 30 31
2003047|03 17 26 28 32 33
2003046|07 08 10 11 17 26
2003045|03 07 14 15 17 32
2003044|02 05 09 16 32 33
2003043|02 08 10 19 20 32
2003042|03 05 07 10 15 20
2003041|02 03 17 18 24 25
2003040|04 05 06 12 14 23
2003039|03 05 23 24 27 32
2003038|05 07 08 24 25 27
2003037|09 14 17 18 26 32
2003036|07 21 24 25 27 28
2003035|03 04 05 08 10 11
2003034|08 13 14 16 23 25
2003033|01 07 14 20 27 30
2003032|04 11 25 27 29 30
2003031|11 17 20 22 28 32
2003030|02 06 13 14 23 27
2003029|02 07 15 26 29 32
2003028|06 13 16 20 28 32
2003027|01 11 14 17 27 28
2003026|08 13 15 26 29 31
